P1822_1	P1822_2	P1822_3	P1822_4	P1822_5	P1822_6	P1822_7	P1822_8	P1822_9	P1822_10	P1822_11	P1822_12	P1822_13	P1822_14	P1822_15	P1822_16
ENSMUSG00000102693	0	0	0	0	0	0	0	0	0	0	0	0	0	0	0	0
ENSMUSG00000064842	0	0	0	0	0	0	0	0	0	0	0	0	0	0	0	0
ENSMUSG00000051951	3	4	9	8	9	8	8	7	66	55	59	79	96	120	147	134
ENSMUSG00000102851	0	0	0	0	0	0	0	0	0	0	0	0	0	0	0	0
ENSMUSG00000103377	0	0	0	0	0	0	0	0	0	0	0	0	0	0	0	0
ENSMUSG00000104017	0	0	0	0	0	0	0	0	0	0	0	0	0	0	0	0
ENSMUSG00000103025	0	0	0	0	0	0	0	0	0	0	0	0	0	0	0	0
ENSMUSG00000089699	0	0	0	0	0	0	0	0	0	0	0	0	0	0	0	0
ENSMUSG00000103201	0	0	0	0	0	0	0	0	0	0	0	0	0	0	0	0
ENSMUSG00000103147	0	0	0	0	0	0	0	0	3	0	0	3	0	0	0	1
ENSMUSG00000103161	0	0	0	0	0	0	0	0	0	0	0	0	0	0	0	0
ENSMUSG00000102331	0	0	0	0	0	0	0	0	0	0	0	0	0	0	0	0
ENSMUSG00000102348	0	0	0	0	0	0	0	0	0	0	0	0	0	0	0	0
ENSMUSG00000102592	0	0	0	0	0	0	0	0	0	0	0	0	0	0	0	0
ENSMUSG00000088333	0	0	0	0	0	0	0	0	0	0	0	0	0	0	0	0
ENSMUSG00000102343	0	0	0	0	0	0	0	0	0	0	1	0	1	0	0	0
ENSMUSG00000102948	0	0	0	0	0	0	0	0	0	0	0	0	0	0	0	0
ENSMUSG00000025900	0	0	0	0	0	0	0	0	1	0	0	0	0	0	0	0
ENSMUSG00000104123	0	0	0	0	0	0	0	0	0	0	0	0	0	0	0	0
ENSMUSG00000025902	13	14	13	8	12	7	27	30	11	11	18	17	12	9	13	13
ENSMUSG00000104238	0	0	0	0	0	0	0	0	0	0	0	0	0	0	0	0
ENSMUSG00000102269	6	12	11	4	7	3	4	7	6	3	4	7	2	4	2	2
ENSMUSG00000096126	0	2	0	0	0	0	0	0	0	0	0	0	0	0	0	0
ENSMUSG00000103003	0	0	0	0	0	0	0	0	0	0	0	0	0	0	0	0
ENSMUSG00000104328	1	1	0	1	1	1	3	1	0	3	2	6	1	0	4	2
ENSMUSG00000102735	0	0	0	0	0	0	0	0	0	0	0	0	0	0	0	0
ENSMUSG00000098104	3	2	8	3	4	1	3	7	3	4	2	1	0	4	2	3
ENSMUSG00000102175	1	0	1	0	1	0	0	1	1	1	1	1	1	1	1	1
ENSMUSG00000088000	0	0	0	0	0	0	0	0	0	0	0	0	0	0	0	0
ENSMUSG00000103265	0	0	1	0	0	0	0	0	0	0	0	0	0	0	0	0
ENSMUSG00000103922	7	7	7	4	1	12	3	6	14	3	9	3	9	7	9	7
ENSMUSG00000033845	972	860	878	1085	1058	1009	992	1143	947	1059	970	1147	801	837	1042	927
ENSMUSG00000102275	0	0	0	0	0	0	0	0	0	0	0	0	0	0	0	0
ENSMUSG00000025903	0	0	0	0	0	0	0	0	0	0	0	0	0	0	0	0
ENSMUSG00000104217	16	13	17	16	22	17	12	27	11	5	12	15	8	9	9	12
ENSMUSG00000033813	2560	2581	2937	3904	2975	3100	3027	3417	2272	2801	2266	3294	2491	2578	2554	2806
ENSMUSG00000062588	3	1	1	1	0	1	0	3	3	0	4	0	2	1	0	0
ENSMUSG00000103280	1	0	0	1	0	0	0	0	0	0	1	0	1	0	0	0
ENSMUSG00000002459	7	10	5	7	4	6	3	8	2	5	7	8	1	5	4	1
ENSMUSG00000091305	0	0	0	0	0	0	0	0	0	0	0	0	0	0	0	0
ENSMUSG00000102653	0	0	0	0	0	0	0	0	0	0	0	0	0	0	0	0
ENSMUSG00000085623	0	0	0	0	0	0	0	1	0	0	0	0	0	0	0	0
ENSMUSG00000091665	0	0	0	0	0	0	0	0	0	0	0	0	0	0	0	0
ENSMUSG00000033793	3682	3757	4414	5978	3774	4102	3815	4250	4193	4962	4240	5694	3565	3757	3849	4094
ENSMUSG00000104352	0	0	0	0	0	0	0	0	0	0	0	0	0	0	0	0
ENSMUSG00000104046	0	0	0	0	0	0	0	0	1	0	0	0	0	0	0	0
ENSMUSG00000102907	0	0	0	0	0	0	0	0	0	0	0	0	0	0	0	0
ENSMUSG00000025905	0	0	0	0	0	0	0	0	0	0	0	0	0	1	0	0
ENSMUSG00000103936	0	0	0	0	0	0	0	0	0	0	0	0	0	0	0	0
ENSMUSG00000093015	0	0	0	0	0	0	0	0	0	0	0	0	0	0	0	0
ENSMUSG00000103519	0	0	0	0	0	0	0	0	0	0	0	0	0	0	0	0
ENSMUSG00000033774	0	0	0	0	0	0	0	0	0	0	0	0	0	0	0	0
ENSMUSG00000103090	0	0	0	0	0	0	0	0	0	0	0	0	0	0	0	0
ENSMUSG00000025907	1816	2087	2088	2820	2012	2236	2065	2727	2586	2931	2813	3667	2410	2739	2479	2745
ENSMUSG00000090031	43	58	55	73	38	38	57	96	89	107	98	123	76	93	66	69
ENSMUSG00000087247	1	3	3	1	0	0	1	1	3	2	1	1	4	3	0	5
ENSMUSG00000103355	0	0	0	0	0	0	0	0	0	0	0	0	0	0	0	0
ENSMUSG00000102706	0	0	0	0	0	0	0	0	0	0	0	0	0	0	0	0
ENSMUSG00000103845	0	1	2	1	3	6	5	2	0	2	0	2	6	0	2	2
ENSMUSG00000033740	0	1	0	4	4	1	0	2	1	0	1	2	3	1	0	1
ENSMUSG00000103329	0	0	0	0	0	0	0	0	0	0	0	0	0	0	0	0
ENSMUSG00000104385	0	0	0	0	0	0	0	0	0	0	0	0	0	0	0	0
ENSMUSG00000102135	7	3	4	4	5	1	5	3	2	6	2	2	5	4	3	3
ENSMUSG00000103282	0	0	0	0	0	0	0	0	0	0	0	0	0	0	0	0
ENSMUSG00000102534	0	0	0	0	0	0	0	0	0	0	0	0	0	0	0	0
ENSMUSG00000102213	0	0	0	0	0	0	0	0	0	0	0	0	0	0	0	0
ENSMUSG00000103629	0	0	0	0	0	0	0	0	0	0	0	0	0	0	0	0
ENSMUSG00000051285	667	866	770	1109	554	699	629	1139	1712	1685	1809	2128	1365	1533	1364	1572
ENSMUSG00000098201	1	0	0	0	0	1	0	0	0	0	1	0	0	1	1	0
ENSMUSG00000103509	0	0	0	0	0	0	0	0	0	0	0	0	0	0	0	0
ENSMUSG00000048538	11	11	6	9	8	7	7	2	9	0	2	7	13	11	15	12
ENSMUSG00000103709	0	0	0	0	0	0	0	0	0	0	0	0	0	0	0	0
ENSMUSG00000077244	0	0	0	0	0	0	0	0	0	0	0	0	0	0	0	0
ENSMUSG00000102768	0	0	0	0	0	0	0	0	0	0	0	0	0	0	0	0
ENSMUSG00000097797	12	24	6	14	6	12	5	41	13	8	22	9	15	29	19	27
ENSMUSG00000103498	0	0	0	0	0	0	0	0	0	0	0	0	0	0	0	0
ENSMUSG00000103067	0	0	0	1	0	0	0	0	0	0	0	0	2	2	0	1
ENSMUSG00000102320	0	0	0	0	0	0	0	0	0	0	0	0	0	0	0	0
ENSMUSG00000104226	0	0	0	0	0	0	0	0	0	1	0	0	2	0	0	0
ENSMUSG00000103903	0	0	0	0	0	0	0	0	0	0	0	0	0	0	0	0
ENSMUSG00000103557	0	0	0	0	0	0	0	0	0	0	0	0	0	0	0	0
ENSMUSG00000025909	16	9	10	15	6	11	17	14	14	19	12	12	7	14	15	17
ENSMUSG00000102647	0	0	0	0	0	0	0	0	0	0	0	0	0	0	0	0
ENSMUSG00000086235	0	0	0	0	0	0	0	0	0	0	0	0	0	0	0	0
ENSMUSG00000102253	0	0	0	0	0	0	0	0	0	0	0	0	0	0	0	0
ENSMUSG00000093970	0	0	0	0	0	0	0	0	0	0	0	0	0	0	0	0
ENSMUSG00000103884	0	0	0	0	0	0	0	0	0	0	0	0	0	0	0	0
ENSMUSG00000084353	0	0	0	0	0	0	0	0	0	0	0	0	0	0	0	0
ENSMUSG00000103933	28	38	22	24	30	21	35	37	46	41	43	67	36	38	53	38
ENSMUSG00000076135	7	11	2	12	13	7	15	11	14	13	11	22	11	19	26	19
ENSMUSG00000086195	0	0	0	0	0	0	0	0	0	0	0	0	0	0	0	0
ENSMUSG00000104504	0	0	0	0	0	0	0	0	0	0	0	0	0	0	0	0
ENSMUSG00000066693	0	0	0	0	0	0	0	0	0	0	0	0	0	0	0	0
ENSMUSG00000102316	0	0	0	0	0	0	0	0	0	0	0	0	0	0	0	0
ENSMUSG00000103819	0	0	0	0	0	0	0	0	0	0	0	0	0	0	0	0
ENSMUSG00000102871	0	0	0	0	0	0	0	0	0	0	0	0	0	0	0	0
ENSMUSG00000101571	2	1	5	4	2	1	1	3	1	1	5	6	2	1	6	7
ENSMUSG00000104428	0	1	0	0	0	0	0	0	0	0	0	0	0	0	0	0
ENSMUSG00000102272	0	0	0	0	0	0	0	0	0	0	0	0	0	0	0	0
ENSMUSG00000065625	0	0	0	0	0	0	0	0	0	0	0	0	0	0	0	0
ENSMUSG00000103411	1	4	0	0	0	0	0	1	0	1	3	0	1	1	1	4
ENSMUSG00000061024	831	809	698	790	855	718	747	747	669	667	519	568	608	606	664	597
ENSMUSG00000025911	99	127	107	137	117	94	184	211	791	853	1040	1084	655	730	835	862
ENSMUSG00000079671	21	35	29	43	24	19	12	28	30	66	53	50	37	43	41	37
ENSMUSG00000081441	0	0	0	0	0	0	0	0	0	0	0	0	0	0	0	0
ENSMUSG00000067879	0	1	0	0	0	0	1	0	0	0	0	0	0	0	0	0
ENSMUSG00000099827	0	0	0	0	0	0	0	0	0	0	0	0	0	0	0	0
ENSMUSG00000025912	250	364	312	400	244	265	201	331	164	185	192	242	192	178	263	256
ENSMUSG00000045210	1640	1963	1824	2506	1727	1976	1962	2351	2049	2135	2018	2713	1835	2079	1967	2382
ENSMUSG00000097893	10	5	11	18	5	10	5	5	13	12	17	11	21	4	13	9
ENSMUSG00000025915	404	407	450	585	388	415	458	518	291	372	276	340	306	367	306	369
ENSMUSG00000046334	1	0	2	2	0	1	1	0	1	0	1	0	2	2	0	0
ENSMUSG00000088916	0	0	0	0	0	0	0	0	0	0	0	0	0	0	0	0
ENSMUSG00000046101	3	2	4	2	0	0	1	0	0	0	0	1	2	2	2	1
ENSMUSG00000098234	274	266	200	322	345	263	247	329	273	357	284	339	347	378	301	305
ENSMUSG00000093178	0	0	0	0	0	0	0	0	0	0	0	0	0	0	0	0
ENSMUSG00000099032	14	20	22	27	83	67	50	74	23	43	24	29	85	97	73	106
ENSMUSG00000104025	0	0	0	0	0	0	0	0	0	1	1	0	0	0	0	0
ENSMUSG00000025916	6	2	1	1	2	5	2	7	7	1	0	4	1	2	5	4
ENSMUSG00000087199	0	0	0	0	0	0	0	0	0	0	0	0	0	0	0	0
ENSMUSG00000095780	0	0	0	0	0	0	0	0	1	0	1	0	0	0	0	1
ENSMUSG00000025917	2421	2175	2669	3535	3006	3037	2856	3211	2335	3140	2397	3017	2460	2535	2894	2707
ENSMUSG00000056763	497	795	620	766	584	703	680	1154	867	791	991	977	764	859	848	1007
ENSMUSG00000102356	0	0	0	0	0	0	0	0	0	0	0	0	0	0	0	0
ENSMUSG00000067851	3054	4138	3420	4610	3247	3805	3257	4394	3071	3137	3241	3956	2631	3293	2968	3586
ENSMUSG00000088153	0	0	0	0	0	0	0	0	0	0	0	0	0	0	0	0
ENSMUSG00000102556	0	0	0	0	0	0	0	0	0	0	0	0	0	0	0	0
ENSMUSG00000042501	25	40	20	32	20	19	21	25	54	73	38	45	41	41	47	54
ENSMUSG00000103810	0	0	0	0	0	0	0	0	0	0	0	0	0	0	0	0
ENSMUSG00000083422	0	0	0	0	0	0	0	0	0	0	0	0	0	0	0	0
ENSMUSG00000094979	0	0	0	0	0	0	0	0	0	0	0	0	0	0	0	0
ENSMUSG00000081417	1	0	0	0	0	0	0	0	0	0	0	0	0	0	0	0
ENSMUSG00000103448	0	0	0	0	0	0	0	0	0	0	0	0	0	0	0	0
ENSMUSG00000100212	0	0	0	0	0	0	0	0	0	0	0	0	0	0	0	0
ENSMUSG00000100648	0	0	0	0	2	2	0	0	1	3	0	1	0	0	0	3
ENSMUSG00000088585	0	0	0	0	0	0	0	0	0	0	0	0	0	0	0	0
ENSMUSG00000048960	890	1140	917	1203	3520	3767	2859	3943	1300	1334	1169	1431	4221	4844	4475	5305
ENSMUSG00000077318	0	0	0	0	0	0	0	0	0	0	0	0	0	0	0	0
ENSMUSG00000101827	0	0	0	0	0	1	0	0	0	0	0	0	0	0	0	0
ENSMUSG00000103494	0	0	0	0	0	0	0	0	0	0	0	0	0	0	0	0
ENSMUSG00000057715	1	5	0	4	9	3	7	4	7	6	4	2	7	8	10	8
ENSMUSG00000103825	0	0	0	0	0	0	0	0	0	0	0	0	0	0	0	0
ENSMUSG00000099845	0	0	0	0	0	0	0	0	0	0	0	0	0	0	0	0
ENSMUSG00000103561	0	0	0	0	0	0	0	0	0	0	0	0	0	0	0	0
ENSMUSG00000101610	0	1	1	4	6	8	1	1	0	2	0	4	1	3	2	3
ENSMUSG00000093864	0	0	0	0	0	0	0	0	0	0	0	0	0	0	0	0
ENSMUSG00000098555	0	0	0	0	0	0	0	0	0	0	0	0	0	0	0	0
ENSMUSG00000097628	2	0	0	1	0	0	0	0	0	0	0	0	0	0	1	0
ENSMUSG00000098163	0	0	0	0	0	0	0	0	0	0	0	0	0	0	0	0
ENSMUSG00000097171	0	0	0	0	0	0	0	0	0	0	0	0	0	0	0	0
ENSMUSG00000101314	0	0	0	0	0	0	0	0	0	0	0	0	0	0	0	0
ENSMUSG00000016918	1631	1754	1819	2427	1559	1786	1520	1892	3426	3754	4379	4452	2914	2936	2833	3112
ENSMUSG00000025938	1008	1413	1014	1433	2104	2314	1718	2469	653	539	396	417	1776	2142	1747	1962
ENSMUSG00000104518	0	0	0	0	0	0	0	0	0	0	0	0	0	0	0	0
ENSMUSG00000069620	0	0	0	0	0	0	0	0	0	0	0	0	0	0	1	0
ENSMUSG00000099498	0	0	0	0	0	0	0	0	0	0	0	0	0	0	0	0
ENSMUSG00000042414	5	2	3	4	0	2	2	1	0	0	1	0	0	2	0	0
ENSMUSG00000005886	1467	1967	1533	2022	1583	1661	1596	2173	1793	1624	1837	1918	1697	1866	1804	1810
ENSMUSG00000103506	0	0	0	0	0	0	0	0	0	0	0	0	0	0	0	0
ENSMUSG00000103495	0	0	0	0	0	0	0	0	0	0	0	0	0	0	0	0
ENSMUSG00000099183	0	0	0	0	0	0	0	0	0	0	0	0	0	0	0	0
ENSMUSG00000102639	0	0	0	0	0	0	0	0	0	0	0	0	0	0	0	0
ENSMUSG00000104170	0	0	0	0	0	0	0	0	0	0	0	0	0	0	0	0
ENSMUSG00000087782	0	0	0	0	0	0	0	0	0	0	0	0	0	0	0	0
ENSMUSG00000103085	0	0	0	0	0	0	0	0	0	0	0	0	0	0	0	0
ENSMUSG00000102664	0	0	0	0	0	0	0	0	0	0	0	0	0	0	0	0
ENSMUSG00000101476	0	2	2	3	1	3	2	5	2	5	6	7	3	9	4	5
ENSMUSG00000101171	0	2	1	1	0	0	1	3	2	3	1	0	0	2	2	1
ENSMUSG00000025935	3774	4033	4299	5877	4849	4837	4634	5415	5269	6230	5661	7300	5350	5960	5914	6574
ENSMUSG00000025937	628	619	711	924	580	641	582	890	1506	1626	1504	1894	1018	1165	1163	1240
ENSMUSG00000102982	0	0	0	0	0	0	0	0	0	0	0	0	0	0	0	0
ENSMUSG00000067813	0	0	0	0	0	0	0	0	1	0	0	0	1	0	1	0
ENSMUSG00000077368	0	0	0	0	0	0	0	0	0	0	0	0	0	0	0	0
ENSMUSG00000097711	3	10	2	5	8	2	7	3	2	8	2	6	2	1	4	4
ENSMUSG00000102166	0	0	0	0	0	0	0	0	0	0	0	0	0	0	0	0
ENSMUSG00000089358	0	0	0	0	0	0	0	0	0	0	0	0	0	0	0	0
ENSMUSG00000104209	0	0	0	0	0	0	0	0	0	0	0	0	0	0	0	0
ENSMUSG00000025932	1	2	3	2	3	5	4	5	1	3	3	2	1	1	5	6
ENSMUSG00000095853	0	0	0	0	0	0	0	0	0	0	0	0	0	0	0	0
ENSMUSG00000102588	0	0	0	0	0	0	0	0	0	0	0	0	0	0	0	0
ENSMUSG00000054493	5	10	7	15	10	7	9	13	5	5	8	20	38	37	26	35
ENSMUSG00000025930	22	26	27	35	33	28	40	53	35	22	30	29	123	122	106	98
ENSMUSG00000103492	1	3	2	3	2	0	2	6	7	2	5	2	6	20	5	8
ENSMUSG00000081201	1	0	1	1	2	2	3	1	1	1	0	0	3	1	0	0
ENSMUSG00000082193	27	11	23	39	22	17	19	32	32	32	14	45	28	32	43	28
ENSMUSG00000032769	0	0	0	0	0	0	0	0	1	1	0	0	0	0	0	0
ENSMUSG00000088159	0	0	0	0	0	0	0	0	0	0	0	0	0	0	0	0
ENSMUSG00000073737	0	0	3	2	0	1	1	4	4	1	4	0	1	3	3	0
ENSMUSG00000092083	2	1	1	9	1	2	1	5	1	0	2	1	1	1	1	1
ENSMUSG00000102937	0	0	0	0	0	0	0	0	0	0	0	0	0	0	0	0
ENSMUSG00000104149	0	0	0	0	0	0	0	0	0	0	0	0	0	0	0	0
ENSMUSG00000088829	0	0	0	0	0	0	0	0	0	0	0	0	0	0	0	0
ENSMUSG00000077377	0	0	0	0	0	0	0	0	0	0	0	0	0	0	0	0
ENSMUSG00000101652	0	0	0	0	2	0	0	0	0	0	0	0	0	0	0	0
ENSMUSG00000100814	0	0	0	0	0	0	0	0	0	0	0	0	0	0	0	0
ENSMUSG00000025925	708	709	714	849	586	621	510	667	552	632	660	735	514	523	594	654
ENSMUSG00000104379	3	7	7	5	4	3	2	16	3	5	9	14	3	4	4	8
ENSMUSG00000032719	2	1	0	0	3	2	4	3	2	2	5	0	4	7	7	6
ENSMUSG00000088943	0	0	0	0	0	0	0	0	0	0	0	0	0	0	0	0
ENSMUSG00000100652	0	0	0	1	0	0	0	0	0	0	0	0	0	0	0	0
ENSMUSG00000067795	0	1	1	0	0	1	0	2	1	1	2	0	3	2	1	4
ENSMUSG00000043716	21426	16414	21891	29990	25912	22064	27123	29473	25201	29482	26835	36171	27995	23261	32607	28048
ENSMUSG00000025921	461	495	535	741	484	606	520	629	274	250	290	319	381	517	426	510
ENSMUSG00000104165	0	1	0	0	0	0	0	1	0	0	0	0	1	0	0	0
ENSMUSG00000100868	0	0	0	0	0	0	0	0	0	0	0	0	0	0	0	0
ENSMUSG00000025920	519	549	612	858	668	660	654	817	499	611	637	766	605	612	671	709
ENSMUSG00000089982	0	0	0	0	0	0	0	0	0	0	0	0	0	0	0	0
ENSMUSG00000025939	988	1106	1019	1455	1272	1251	1259	1649	1619	1998	1849	2354	1957	2012	2147	2101
ENSMUSG00000102457	1	0	0	0	0	3	1	0	4	3	5	9	2	2	1	1
ENSMUSG00000079658	1258	1067	1299	1712	1641	1424	1483	1603	1411	1916	1359	1854	1511	1475	1882	1570
ENSMUSG00000097744	0	0	0	0	0	0	0	0	1	0	0	0	0	1	4	0
ENSMUSG00000100959	0	2	0	0	0	0	0	0	1	3	2	3	1	1	3	3
ENSMUSG00000025940	473	344	435	557	551	465	511	570	507	579	512	744	496	520	536	569
ENSMUSG00000025779	213	190	248	347	201	233	184	293	305	367	281	375	345	311	297	258
ENSMUSG00000100093	0	0	0	0	0	0	0	0	0	0	0	0	0	1	0	0
ENSMUSG00000091020	6	6	8	8	7	8	7	5	8	5	2	2	5	9	12	13
ENSMUSG00000101640	1	0	0	1	0	3	0	1	0	1	1	2	0	0	0	0
ENSMUSG00000104133	0	0	0	0	0	0	0	0	0	0	0	0	0	0	0	0
ENSMUSG00000042686	19	30	22	26	20	22	20	25	35	18	14	24	28	26	27	29
ENSMUSG00000100110	0	0	0	0	0	0	0	0	0	0	0	0	0	0	0	0
ENSMUSG00000025777	11	16	17	24	11	8	9	12	4	1	8	13	3	13	6	8
ENSMUSG00000099899	0	0	0	0	0	0	0	0	0	0	0	0	0	0	0	0
ENSMUSG00000100272	0	0	0	0	0	0	0	0	0	0	0	0	0	0	0	0
ENSMUSG00000100398	0	0	0	0	0	0	0	0	0	0	0	0	0	0	0	0
ENSMUSG00000101589	10	9	3	21	4	5	7	11	5	14	3	6	1	8	8	2
ENSMUSG00000102048	0	0	0	0	0	0	0	0	0	0	0	0	0	0	0	0
ENSMUSG00000089534	0	0	0	0	0	0	0	0	0	0	0	0	0	0	0	0
ENSMUSG00000067780	1816	1969	1901	2573	5689	5524	4341	5682	1024	1280	1034	1323	5930	5830	5337	5795
ENSMUSG00000100053	1	2	2	0	0	1	0	3	5	1	3	3	5	3	2	2
ENSMUSG00000085125	4	13	3	5	2	2	1	6	2	4	0	7	5	5	5	7
ENSMUSG00000025776	162	205	176	224	208	203	230	291	168	186	178	217	271	308	244	267
ENSMUSG00000099895	0	0	0	0	0	0	1	1	0	0	0	0	0	0	0	0
ENSMUSG00000100554	1	0	0	0	1	1	0	1	5	1	0	1	0	0	2	2
ENSMUSG00000099473	0	0	0	1	0	0	0	0	0	0	0	0	0	0	0	0
ENSMUSG00000099591	0	0	0	0	0	0	0	0	2	0	0	2	0	0	0	0
ENSMUSG00000102001	0	0	0	0	0	0	0	0	0	0	0	0	0	0	0	0
ENSMUSG00000101717	0	0	0	0	0	0	0	0	0	0	0	0	0	0	0	0
ENSMUSG00000025774	0	0	0	0	0	0	0	0	0	0	0	0	0	0	0	0
ENSMUSG00000070977	0	0	0	0	0	0	0	0	0	0	0	0	0	0	0	0
ENSMUSG00000073735	0	0	0	0	0	0	0	0	0	0	0	0	0	0	0	0
ENSMUSG00000067773	0	0	0	0	0	0	0	0	0	0	0	0	0	0	0	0
ENSMUSG00000101685	0	0	0	0	0	0	0	0	0	0	0	0	0	0	0	0
ENSMUSG00000101738	0	0	0	0	0	0	0	0	0	0	0	0	0	0	0	0
ENSMUSG00000101306	0	0	0	0	0	0	0	0	0	0	0	0	0	0	0	0
ENSMUSG00000088800	0	0	0	0	0	0	0	0	0	0	0	0	0	0	0	0
ENSMUSG00000101644	0	0	0	0	0	0	0	0	0	0	0	0	0	0	0	0
ENSMUSG00000099433	0	0	0	0	0	0	0	0	0	0	0	0	0	0	0	0
ENSMUSG00000089787	0	0	0	0	0	0	0	0	0	0	0	0	0	0	0	0
ENSMUSG00000042596	0	0	0	0	0	0	0	0	0	0	0	0	0	0	0	0
ENSMUSG00000100720	1	2	1	1	1	0	1	0	1	1	1	1	1	2	3	2
ENSMUSG00000025927	2	1	2	2	3	2	5	6	1	0	2	2	3	1	3	1
ENSMUSG00000100538	0	0	0	0	0	0	0	0	0	0	0	0	0	0	0	0
ENSMUSG00000101117	0	0	0	0	0	0	0	0	0	0	0	0	0	0	0	0
ENSMUSG00000100204	1	2	4	1	5	4	2	2	0	2	1	4	1	2	4	3
ENSMUSG00000084668	0	0	0	0	0	0	0	0	0	0	0	0	0	0	0	0
ENSMUSG00000102597	0	0	0	0	0	0	0	0	0	0	0	0	0	0	0	0
ENSMUSG00000043760	2	0	0	1	0	0	0	0	0	1	1	0	1	1	3	3
ENSMUSG00000104095	0	0	0	0	0	0	0	0	0	0	0	0	0	0	0	0
ENSMUSG00000089914	0	0	1	0	0	0	0	0	0	0	0	0	0	0	0	0
ENSMUSG00000090142	0	0	0	0	0	0	0	0	0	0	0	0	0	0	0	0
ENSMUSG00000070175	0	0	0	0	0	0	0	0	0	0	0	0	0	0	0	0
ENSMUSG00000065559	0	0	0	0	0	0	0	0	0	0	0	0	0	0	0	0
ENSMUSG00000099906	0	0	0	0	0	0	0	0	1	0	4	0	5	0	4	3
ENSMUSG00000065480	0	0	0	0	0	0	0	0	0	0	0	0	0	0	0	0
ENSMUSG00000025929	0	0	0	0	0	1	0	3	0	0	0	0	0	0	0	0
ENSMUSG00000041872	2	2	4	1	1	1	0	5	0	0	4	0	1	1	0	0
ENSMUSG00000041859	4933	4628	5382	6319	4517	4226	4074	4414	1539	1623	1577	1543	1384	1608	2017	2074
ENSMUSG00000099714	0	0	0	0	0	0	0	0	0	0	0	0	0	0	0	0
ENSMUSG00000102121	0	0	0	0	0	0	0	0	0	0	0	0	0	0	0	0
ENSMUSG00000088858	0	0	0	0	0	0	0	0	0	0	0	0	0	0	0	0
ENSMUSG00000097934	0	1	0	1	1	1	1	0	1	6	1	1	7	1	2	0
ENSMUSG00000025931	50	62	64	73	81	83	72	117	149	115	104	152	107	128	120	107
ENSMUSG00000077314	0	0	0	0	0	0	0	0	0	0	0	0	0	0	0	0
ENSMUSG00000100929	0	0	0	0	0	0	0	0	0	0	1	0	0	0	0	0
ENSMUSG00000041809	56	54	67	78	81	76	77	94	175	150	276	251	220	231	245	246
ENSMUSG00000041779	2770	3375	2987	3757	4625	4883	4621	5976	2331	2199	2292	2460	3530	3938	3624	4091
ENSMUSG00000099971	0	1	0	2	0	0	0	0	0	1	0	0	0	0	2	0
ENSMUSG00000100819	2	2	4	3	4	4	3	4	4	8	3	11	5	1	1	2
ENSMUSG00000025933	66	59	70	76	86	70	79	88	104	145	146	191	155	158	157	164
ENSMUSG00000102633	0	2	0	0	0	0	0	0	0	0	0	0	0	0	0	0
ENSMUSG00000025934	182	134	104	154	256	184	388	437	172	231	166	215	160	155	251	235
ENSMUSG00000099343	0	2	2	0	0	0	1	2	0	0	3	0	0	0	2	2
ENSMUSG00000096375	1	1	1	0	1	0	1	0	2	2	2	2	0	2	0	1
ENSMUSG00000025936	0	0	1	0	0	0	0	0	0	0	0	0	0	0	0	0
ENSMUSG00000093963	0	0	0	0	0	0	0	0	0	0	0	0	0	0	0	0
ENSMUSG00000067750	0	0	0	0	0	0	0	0	0	0	0	0	0	0	0	0
ENSMUSG00000086194	0	0	0	0	0	0	0	0	0	0	0	0	0	0	0	0
ENSMUSG00000094436	0	0	0	0	0	0	0	0	0	0	0	0	0	0	0	0
ENSMUSG00000041722	0	0	0	0	0	0	0	0	0	0	0	0	0	0	0	0
ENSMUSG00000085507	0	0	0	0	0	0	0	0	0	0	0	0	0	0	0	0
ENSMUSG00000094926	0	0	0	0	0	0	0	0	0	0	0	0	0	0	0	0
ENSMUSG00000085079	0	0	0	0	0	0	0	0	0	0	0	0	0	0	0	0
ENSMUSG00000085679	0	0	0	0	0	0	0	0	0	0	0	0	0	0	0	0
ENSMUSG00000028033	47	77	55	70	34	25	32	50	14	17	16	26	17	8	14	27
ENSMUSG00000104138	0	0	0	0	0	0	0	0	0	0	0	0	0	0	0	0
ENSMUSG00000082935	0	0	0	0	0	0	0	0	0	0	0	0	0	0	0	0
ENSMUSG00000103748	0	0	0	0	0	0	0	0	0	0	0	0	0	0	0	0
ENSMUSG00000097109	0	0	0	0	0	0	0	0	0	0	0	0	0	0	0	0
ENSMUSG00000099692	0	0	0	0	0	0	0	0	0	0	0	0	0	0	0	0
ENSMUSG00000100418	0	0	0	0	0	0	0	0	0	0	0	0	0	0	0	0
ENSMUSG00000041670	0	0	0	1	0	1	1	0	1	0	0	1	1	1	0	1
ENSMUSG00000097642	0	0	0	0	0	0	0	0	0	0	0	0	0	0	0	0
ENSMUSG00000101468	0	0	0	0	0	0	0	0	0	0	0	0	0	0	0	0
ENSMUSG00000101227	2	0	1	1	2	0	2	0	0	1	0	0	0	1	0	2
ENSMUSG00000073730	0	0	0	0	0	0	0	0	0	0	0	0	0	0	0	0
ENSMUSG00000089553	0	0	0	0	0	0	0	0	0	0	0	0	0	0	0	0
ENSMUSG00000102766	0	0	0	0	0	0	0	0	0	0	2	0	0	0	0	0
ENSMUSG00000065405	0	0	0	0	0	0	0	0	0	0	0	0	0	0	0	0
ENSMUSG00000097970	0	2	0	4	2	3	3	1	2	1	3	2	4	1	6	1
ENSMUSG00000065567	0	0	0	0	0	0	0	0	0	0	0	0	0	0	0	0
ENSMUSG00000100775	2	0	0	2	0	0	0	0	0	0	4	4	2	1	0	2
ENSMUSG00000101226	0	0	0	0	0	0	0	0	0	0	0	0	0	0	0	0
ENSMUSG00000026158	151	129	153	208	135	140	158	163	136	180	205	243	200	200	194	212
ENSMUSG00000097920	0	0	0	0	0	0	0	0	0	0	0	0	0	0	0	0
ENSMUSG00000099503	1	0	0	0	0	0	0	0	0	0	0	0	0	1	0	0
ENSMUSG00000026156	0	0	2	2	1	0	2	1	0	0	0	1	0	1	0	0
ENSMUSG00000026155	1529	1646	1562	2108	1770	1719	1674	1947	1831	1937	1893	2124	2018	2305	2122	2276
ENSMUSG00000026154	157	162	221	264	259	243	244	256	313	346	283	334	334	334	374	363
ENSMUSG00000102495	0	0	0	0	0	0	0	0	0	0	0	0	0	0	0	0
ENSMUSG00000026153	757	997	848	1159	864	831	775	1191	1167	1160	1172	1463	1088	1296	1126	1361
ENSMUSG00000102398	0	2	0	0	0	0	0	1	2	2	2	0	0	2	1	0
ENSMUSG00000097670	0	0	0	0	0	0	0	0	0	0	0	0	0	0	0	0
ENSMUSG00000026147	2	0	0	0	0	0	0	0	0	0	0	0	1	1	0	2
ENSMUSG00000026141	4	2	3	1	1	2	1	6	1	0	1	2	0	0	1	0
ENSMUSG00000077463	0	0	0	0	0	0	0	0	0	0	0	0	0	0	0	0
ENSMUSG00000099997	27	22	31	23	26	34	13	26	11	19	11	18	21	16	24	23
ENSMUSG00000100131	77	76	60	89	89	95	69	109	117	159	138	176	219	130	184	108
ENSMUSG00000067736	17	23	14	34	26	26	25	23	42	67	33	37	59	45	63	35
ENSMUSG00000101939	95	101	88	140	95	98	103	117	170	229	259	342	171	195	252	182
ENSMUSG00000101111	207	181	198	271	252	248	205	283	399	569	447	711	511	450	670	438
ENSMUSG00000100862	145	160	119	192	181	138	178	223	291	375	275	404	347	251	495	247
ENSMUSG00000102070	185	242	189	276	237	193	192	252	343	460	342	549	406	356	553	274
ENSMUSG00000101249	214	252	225	322	290	276	224	311	363	499	413	632	554	422	638	427
ENSMUSG00000073725	1361	1331	1511	1974	1417	1544	1352	1754	1427	1566	1503	1829	1391	1445	1374	1592
ENSMUSG00000100808	0	0	0	0	0	0	0	0	0	0	0	0	0	0	0	0
ENSMUSG00000100483	0	0	0	0	0	0	0	0	0	0	0	0	0	0	0	0
ENSMUSG00000100450	0	0	0	0	0	0	0	0	0	0	0	0	0	0	0	0
ENSMUSG00000099392	0	0	0	0	0	0	0	0	0	0	0	0	0	0	0	0
ENSMUSG00000033569	2	0	2	2	0	1	2	2	1	3	0	4	4	1	2	1
ENSMUSG00000080849	1	0	0	0	0	0	0	0	0	0	0	0	0	0	0	0
ENSMUSG00000104257	0	0	0	0	0	0	0	0	0	0	0	0	0	0	0	0
ENSMUSG00000096866	0	0	0	0	0	0	0	0	0	0	0	0	0	0	0	0
ENSMUSG00000102296	0	0	0	0	0	0	0	0	0	0	0	0	0	0	0	0
ENSMUSG00000103209	0	0	0	0	0	0	0	0	0	0	0	0	0	0	0	0
ENSMUSG00000104027	0	0	0	0	0	0	0	0	0	0	0	0	0	0	0	0
ENSMUSG00000102407	0	0	0	0	0	0	0	0	0	0	0	0	0	0	0	0
ENSMUSG00000103214	0	0	0	0	0	0	0	0	0	0	0	0	0	0	0	0
ENSMUSG00000104100	0	0	0	0	0	0	0	0	0	0	0	0	0	0	0	0
ENSMUSG00000084740	0	0	0	0	0	0	0	0	0	0	0	0	0	0	0	0
ENSMUSG00000103889	0	0	0	0	0	0	0	0	0	0	0	0	0	0	0	0
ENSMUSG00000101301	0	0	0	0	0	0	0	0	0	0	0	0	0	0	0	0
ENSMUSG00000104221	0	0	0	0	0	0	0	0	0	0	0	0	0	0	0	0
ENSMUSG00000102250	0	0	0	0	0	0	0	0	0	0	0	0	0	0	0	0
ENSMUSG00000102317	0	0	0	0	0	0	0	0	0	0	0	0	0	0	0	0
ENSMUSG00000103563	0	0	0	0	0	0	0	0	0	0	0	0	0	0	0	0
ENSMUSG00000102465	0	0	0	0	0	0	0	0	0	0	0	0	0	0	0	0
ENSMUSG00000102659	0	0	0	0	0	0	0	0	0	0	0	0	0	0	0	0
ENSMUSG00000103924	0	0	0	0	0	0	0	0	0	0	0	0	0	0	0	0
ENSMUSG00000104132	0	0	0	0	0	0	0	0	0	0	0	0	0	0	0	0
ENSMUSG00000102747	0	0	0	0	0	0	0	0	0	0	0	0	0	0	0	0
ENSMUSG00000102386	0	0	0	0	0	0	0	0	0	0	0	0	0	0	0	0
ENSMUSG00000103004	0	0	0	0	0	0	0	0	0	0	0	0	0	0	0	0
ENSMUSG00000104516	0	0	0	0	0	0	0	0	0	0	0	0	0	0	0	0
ENSMUSG00000101618	0	0	0	0	0	0	0	0	0	0	0	0	0	0	0	0
ENSMUSG00000099458	0	0	0	0	0	0	0	0	0	0	0	0	0	0	0	0
ENSMUSG00000088111	0	0	0	0	0	0	0	0	0	0	0	0	0	0	0	0
ENSMUSG00000073722	0	1	0	0	1	1	0	1	0	0	1	0	0	0	0	0
ENSMUSG00000095256	0	0	0	0	0	0	0	0	0	0	0	0	0	0	0	0
ENSMUSG00000100310	0	0	0	0	0	0	0	0	0	0	0	0	0	0	0	0
ENSMUSG00000101514	0	0	0	0	0	0	0	0	0	0	0	0	0	0	0	0
ENSMUSG00000101033	0	0	0	0	0	0	0	0	0	0	0	0	0	0	0	0
ENSMUSG00000101372	0	0	0	0	0	0	0	2	0	0	0	0	0	1	1	3
ENSMUSG00000103241	0	0	0	0	0	0	0	0	0	0	0	0	0	0	0	0
ENSMUSG00000086240	26	24	37	26	34	32	38	20	31	33	23	18	21	19	36	23
ENSMUSG00000048411	0	0	0	0	0	0	0	0	0	0	0	0	0	0	0	0
ENSMUSG00000081557	0	0	0	1	0	1	0	0	0	0	0	1	0	0	0	0
ENSMUSG00000058590	0	0	0	0	0	0	0	0	0	0	0	0	0	0	0	0
ENSMUSG00000101235	0	0	0	0	0	0	0	0	0	0	0	0	0	0	0	0
ENSMUSG00000064433	0	0	0	0	0	0	0	0	0	0	0	0	0	0	0	0
ENSMUSG00000080625	0	0	0	0	0	0	0	0	0	0	0	0	0	0	0	0
ENSMUSG00000080391	0	0	0	0	0	0	0	0	0	0	0	0	0	0	0	0
ENSMUSG00000099257	0	0	0	0	0	0	0	0	0	0	0	0	0	0	0	0
ENSMUSG00000099492	53	56	47	72	67	66	61	80	89	70	63	84	67	66	64	57
ENSMUSG00000101726	0	0	0	1	0	0	0	0	0	0	0	0	0	0	1	0
ENSMUSG00000096829	0	0	0	0	0	0	0	0	0	0	0	0	0	0	0	0
ENSMUSG00000098883	0	0	0	0	0	0	0	0	0	0	0	0	0	0	0	0
ENSMUSG00000053185	0	0	0	0	0	0	0	0	0	0	0	0	0	0	0	0
ENSMUSG00000100261	1	0	0	0	0	1	0	0	1	1	0	0	0	0	0	0
ENSMUSG00000101180	0	0	0	0	0	0	0	0	0	0	0	0	0	0	0	0
ENSMUSG00000048874	4051	4862	4384	5878	3649	3780	3451	4425	2962	3395	3376	3839	2769	2952	2982	3479
ENSMUSG00000103783	0	0	0	0	0	0	0	0	0	0	0	0	0	0	0	0
ENSMUSG00000104315	0	0	0	0	0	0	0	0	0	0	0	0	0	0	0	0
ENSMUSG00000026064	3190	3326	3431	4350	1836	2037	1750	1974	938	1205	1122	1337	1012	1053	1042	1128
ENSMUSG00000086151	0	0	0	0	0	0	0	0	0	0	0	0	0	0	0	0
ENSMUSG00000086726	2	0	0	0	0	0	0	0	0	0	0	0	0	0	0	0
ENSMUSG00000087346	1	0	0	0	0	0	0	0	0	0	0	0	0	0	0	0
ENSMUSG00000100371	6	11	10	7	1	2	7	4	0	1	2	3	0	0	0	0
ENSMUSG00000100237	0	0	0	0	0	0	0	0	0	0	1	0	0	0	0	0
ENSMUSG00000098529	0	0	0	0	0	0	0	0	0	0	0	0	0	0	0	0
ENSMUSG00000086727	16	24	17	24	19	5	14	7	2	6	0	1	1	3	1	5
ENSMUSG00000100910	0	0	0	0	0	0	0	0	0	0	0	0	0	0	0	0
ENSMUSG00000099796	55	48	38	27	15	12	2	4	1	0	1	0	0	0	2	0
ENSMUSG00000050217	16	28	17	17	9	5	4	9	0	0	0	0	0	0	0	1
ENSMUSG00000026063	0	0	0	0	0	0	0	0	0	0	0	0	0	0	0	0
ENSMUSG00000077664	0	0	0	0	0	0	0	0	0	0	0	0	0	0	0	0
ENSMUSG00000100205	0	0	0	0	0	0	0	0	0	0	0	0	0	1	0	0
ENSMUSG00000100592	0	0	0	0	0	0	0	0	0	0	0	0	0	0	0	0
ENSMUSG00000094215	1	0	0	0	0	0	0	0	0	0	0	0	0	0	0	0
ENSMUSG00000101093	0	0	0	0	0	0	0	0	0	0	0	0	0	0	0	0
ENSMUSG00000070960	3	3	1	4	2	2	4	1	5	6	2	1	3	5	3	1
ENSMUSG00000088620	0	0	0	0	0	0	0	0	0	0	0	0	0	0	0	0
ENSMUSG00000082159	0	0	0	0	0	0	0	0	0	0	0	0	0	0	0	0
ENSMUSG00000026058	4	9	13	11	2	3	3	4	0	0	2	2	0	0	0	0
ENSMUSG00000064688	0	0	0	0	0	0	0	0	0	0	0	0	0	0	0	0
ENSMUSG00000103482	0	0	0	0	0	0	0	0	0	0	0	0	0	0	0	0
ENSMUSG00000104498	0	0	0	0	0	0	0	0	0	0	0	0	0	0	0	0
ENSMUSG00000104313	0	0	0	0	0	0	0	0	0	0	0	0	0	0	0	0
ENSMUSG00000102865	0	0	0	0	0	0	0	0	0	0	0	0	0	0	0	0
ENSMUSG00000102321	0	0	0	0	0	0	0	0	0	0	0	0	0	0	0	0
ENSMUSG00000091318	0	0	0	0	0	0	0	0	0	0	0	0	0	0	0	0
ENSMUSG00000089489	0	0	0	0	0	0	0	0	0	0	0	0	0	0	0	0
ENSMUSG00000104433	0	0	0	0	0	0	0	0	0	0	0	0	0	0	0	0
ENSMUSG00000089395	0	0	0	0	0	0	0	0	0	0	0	0	0	0	0	0
ENSMUSG00000102926	0	0	0	0	0	0	0	0	0	0	0	0	0	0	0	0
ENSMUSG00000100497	0	0	0	0	0	0	0	0	0	0	0	0	0	0	0	0
ENSMUSG00000102917	0	0	0	0	0	0	0	0	0	0	0	0	0	0	0	0
ENSMUSG00000100481	5	4	6	2	8	4	1	7	2	1	3	4	1	2	7	5
ENSMUSG00000100590	0	0	0	0	0	0	0	0	0	0	0	0	0	0	0	0
ENSMUSG00000088750	0	0	0	0	0	0	0	0	0	0	0	0	0	0	0	0
ENSMUSG00000104230	0	0	0	0	0	0	0	0	0	0	0	0	0	0	0	0
ENSMUSG00000101754	0	0	0	0	0	0	0	0	0	0	0	0	0	0	0	0
ENSMUSG00000065223	0	0	0	0	0	0	0	0	0	0	0	0	0	0	0	0
ENSMUSG00000100318	0	0	0	0	0	0	0	0	0	0	0	0	0	0	0	0
ENSMUSG00000101612	0	0	0	0	0	0	0	0	1	0	0	1	0	0	0	0
ENSMUSG00000065260	0	0	0	0	0	0	0	0	0	0	0	0	0	0	0	0
ENSMUSG00000026134	1218	1361	1316	1674	1285	1217	1051	1388	730	812	715	774	703	760	849	893
ENSMUSG00000101682	1	1	0	0	0	3	0	0	0	0	0	0	1	0	0	0
ENSMUSG00000102714	0	0	0	0	0	0	0	0	0	0	0	0	0	0	0	0
ENSMUSG00000102093	0	0	0	0	0	0	0	0	0	0	0	0	0	0	0	0
ENSMUSG00000103746	6	2	2	0	6	7	5	1	8	4	4	5	7	2	3	5
ENSMUSG00000102198	0	0	0	0	0	0	0	0	0	0	0	0	0	0	0	1
ENSMUSG00000004768	746	829	796	994	791	779	675	802	652	690	684	664	670	706	698	745
ENSMUSG00000042215	247	181	239	276	228	183	238	263	216	241	221	277	154	193	164	178
ENSMUSG00000103072	0	0	0	0	0	0	0	0	0	0	0	0	0	0	0	0
ENSMUSG00000042197	1173	1619	1246	1688	1183	1357	1305	1889	1319	1338	1593	1816	1396	1498	1523	1788
ENSMUSG00000081402	3	4	5	4	6	10	5	6	0	1	3	1	4	3	5	1
ENSMUSG00000042182	235	259	258	368	200	226	242	299	355	360	323	421	299	352	311	351
ENSMUSG00000104416	0	0	0	0	0	0	0	0	0	0	0	0	0	0	0	0
ENSMUSG00000026131	155	311	144	241	171	211	195	316	330	281	280	364	247	347	239	279
ENSMUSG00000103888	0	0	0	0	0	0	0	0	0	0	0	0	0	0	0	0
ENSMUSG00000103596	0	0	0	0	0	0	0	0	0	0	0	0	0	0	0	0
ENSMUSG00000099382	0	0	0	0	0	0	0	0	0	0	0	0	0	0	0	0
ENSMUSG00000084506	0	0	0	0	0	0	0	0	0	0	0	0	0	0	0	0
ENSMUSG00000103364	0	0	0	0	0	0	0	0	0	0	0	0	0	0	0	0
ENSMUSG00000105982	0	0	0	0	0	0	0	0	0	0	0	0	0	0	0	0
ENSMUSG00000103405	0	0	0	0	0	0	0	0	0	0	0	0	0	0	0	0
ENSMUSG00000096992	1	0	0	1	0	1	1	1	1	2	2	0	2	2	3	0
ENSMUSG00000104475	0	0	0	0	0	0	0	0	0	0	0	0	0	0	0	0
ENSMUSG00000103001	0	0	0	0	0	0	0	0	0	0	0	0	0	0	0	0
ENSMUSG00000104397	0	0	0	0	0	0	0	0	0	0	0	0	0	0	0	0
ENSMUSG00000102839	0	0	0	0	0	0	0	0	0	0	0	0	0	0	0	0
ENSMUSG00000101206	0	0	0	0	0	0	0	0	0	1	0	0	0	0	0	0
ENSMUSG00000101462	3	10	2	1	4	3	4	5	6	8	24	15	15	25	12	22
ENSMUSG00000102336	46	64	45	35	29	48	49	114	139	132	183	162	116	144	153	188
ENSMUSG00000092852	0	0	0	0	0	0	0	0	0	0	0	0	0	0	0	0
ENSMUSG00000042111	365	275	357	391	374	298	326	304	384	399	309	353	344	319	360	293
ENSMUSG00000101711	1	0	1	1	1	0	0	0	0	0	0	0	0	0	1	0
ENSMUSG00000026127	1302	1161	1159	1331	1426	1143	1279	1251	928	1010	1005	937	985	970	1052	1034
ENSMUSG00000026126	39	30	13	23	29	17	70	96	6	6	8	2	7	4	11	8
ENSMUSG00000100280	6	3	0	2	1	0	8	3	0	1	0	0	0	1	0	2
ENSMUSG00000101223	0	2	1	0	1	0	2	1	0	0	0	2	6	0	2	0
ENSMUSG00000026125	0	0	0	0	0	0	0	2	0	0	0	0	0	0	0	0
ENSMUSG00000101116	0	0	0	0	0	0	0	0	0	0	0	0	0	0	0	0
ENSMUSG00000026124	0	0	0	0	0	0	0	0	0	0	0	0	0	0	0	0
ENSMUSG00000101803	0	0	0	0	0	0	0	0	0	0	0	0	0	0	0	0
ENSMUSG00000037529	0	0	0	0	0	0	0	0	0	0	0	0	0	0	0	1
ENSMUSG00000045815	0	0	0	0	0	0	0	0	0	0	0	0	0	0	0	0
ENSMUSG00000045174	0	1	0	0	0	0	0	0	0	0	0	0	0	0	0	0
ENSMUSG00000100524	0	0	0	0	0	0	0	0	0	0	0	0	0	0	0	0
ENSMUSG00000102499	0	0	0	0	0	0	0	0	0	0	0	0	0	0	0	0
ENSMUSG00000103521	0	0	0	0	0	0	0	0	0	0	0	0	0	0	0	0
ENSMUSG00000104098	0	0	0	0	0	0	0	0	0	0	0	0	0	0	0	0
ENSMUSG00000037509	18	21	21	32	20	15	27	39	33	34	39	26	22	23	23	31
ENSMUSG00000106790	0	0	0	0	0	0	0	0	0	0	0	0	0	0	0	0
ENSMUSG00000102537	0	0	0	0	0	0	0	0	0	0	0	0	0	0	0	0
ENSMUSG00000102612	0	0	0	0	0	0	0	0	0	0	0	0	0	0	0	0
ENSMUSG00000104002	37	40	26	19	34	20	25	39	22	17	14	10	12	2	17	6
ENSMUSG00000037503	4840	5242	5240	6476	5168	4887	4897	5413	4866	5300	4971	5266	4965	5341	5264	5723
ENSMUSG00000104358	0	0	0	0	0	0	0	0	0	0	0	0	0	0	0	0
ENSMUSG00000026123	847	826	963	1203	917	984	966	1001	672	725	751	766	823	850	763	805
ENSMUSG00000103716	0	0	0	0	0	0	0	0	0	0	0	0	0	0	0	0
ENSMUSG00000103548	6	1	2	0	4	3	3	2	2	7	0	2	1	1	3	1
ENSMUSG00000103760	2	0	0	0	0	0	0	0	0	0	0	0	0	0	0	0
ENSMUSG00000103997	0	0	0	0	0	0	0	0	0	0	0	0	0	0	0	0
ENSMUSG00000077231	0	0	0	0	0	0	0	0	0	0	0	0	0	0	0	0
ENSMUSG00000104417	1	4	0	0	0	0	0	6	0	0	0	1	0	0	0	0
ENSMUSG00000064601	0	0	0	0	0	0	0	0	0	0	0	0	0	0	0	0
ENSMUSG00000101714	0	0	0	0	0	0	0	0	0	0	0	0	0	0	0	0
ENSMUSG00000102531	0	0	1	0	0	1	0	0	0	0	0	0	0	0	0	1
ENSMUSG00000103096	0	0	0	0	0	0	0	0	0	0	0	0	0	0	0	0
ENSMUSG00000102279	0	1	0	0	0	0	0	0	1	0	0	0	0	2	0	0
ENSMUSG00000103708	0	1	0	0	0	0	0	0	0	0	0	0	0	0	0	0
ENSMUSG00000104201	0	0	0	0	0	0	0	0	0	0	0	0	0	0	0	0
ENSMUSG00000102434	0	0	0	0	0	0	0	0	0	0	0	0	0	0	0	0
ENSMUSG00000045216	445	446	381	506	374	377	398	542	468	501	453	541	655	630	637	662
ENSMUSG00000104523	0	0	0	0	0	0	0	0	0	0	0	0	0	0	0	0
ENSMUSG00000102202	11	10	7	8	3	11	7	2	11	11	2	6	11	12	3	0
ENSMUSG00000037470	4849	6436	5275	7442	5362	5918	5948	8341	7547	7749	8609	9064	6999	8004	7915	9039
ENSMUSG00000098752	0	0	0	0	0	0	0	0	0	0	0	0	0	0	0	0
ENSMUSG00000047180	76	89	65	79	85	100	156	198	18	22	30	28	37	46	54	50
ENSMUSG00000037447	726	583	596	638	571	466	531	528	449	368	454	328	264	241	246	233
ENSMUSG00000102762	0	0	0	0	0	0	0	0	0	0	0	0	0	0	0	0
ENSMUSG00000010453	1967	2079	1925	2336	1920	1792	1702	2068	1959	1824	1845	1750	1721	1809	1713	1819
ENSMUSG00000098680	0	0	0	0	0	0	0	0	0	0	0	0	0	0	0	0
ENSMUSG00000037432	2	1	0	0	0	0	0	0	1	1	2	0	0	0	0	0
ENSMUSG00000001143	465	477	481	625	575	527	660	925	741	654	920	944	696	787	817	939
ENSMUSG00000037408	199	197	191	189	165	129	196	212	112	119	149	154	130	98	136	159
ENSMUSG00000104316	0	0	0	0	0	0	0	0	0	0	0	0	0	0	0	0
ENSMUSG00000106081	0	0	0	0	0	0	0	0	0	0	0	0	0	0	0	0
ENSMUSG00000001138	465	544	505	582	479	420	490	554	608	481	592	489	480	518	523	487
ENSMUSG00000102845	0	0	0	0	0	0	0	0	0	0	0	0	0	0	0	0
ENSMUSG00000067653	0	0	0	0	0	0	0	0	0	0	0	0	0	0	0	0
ENSMUSG00000103661	3	7	7	2	8	4	8	8	9	13	19	9	9	10	7	6
ENSMUSG00000079610	52	48	45	31	74	52	59	53	123	87	69	52	77	102	80	53
ENSMUSG00000026121	645	657	601	698	695	634	616	660	990	773	874	622	790	802	769	764
ENSMUSG00000087589	34	20	42	38	31	40	25	25	114	87	71	62	53	53	63	43
ENSMUSG00000046337	12	4	4	9	9	5	8	16	26	31	31	36	28	26	24	35
ENSMUSG00000089906	0	0	0	0	0	0	1	0	0	0	0	0	0	0	0	0
ENSMUSG00000077939	0	0	0	0	0	0	0	0	0	0	0	0	0	0	0	0
ENSMUSG00000061518	940	645	771	1011	1211	885	927	1112	1118	1225	1073	988	1108	1020	1198	1020
ENSMUSG00000037351	2912	2603	2827	3268	3400	2716	2920	2963	3106	2953	2967	2518	2968	2921	3045	2869
ENSMUSG00000102416	0	1	1	4	2	1	3	2	5	0	3	3	1	2	1	1
ENSMUSG00000104237	0	0	0	0	0	0	0	0	0	0	0	0	0	0	0	0
ENSMUSG00000106804	1	0	0	1	1	0	0	0	0	1	0	0	0	0	0	0
ENSMUSG00000026117	66	76	32	39	86	43	118	146	8	7	9	7	10	12	23	16
ENSMUSG00000097291	0	0	0	0	0	0	0	0	0	0	0	0	0	0	0	0
ENSMUSG00000026116	2616	3548	2559	3657	2626	2856	2687	3893	2101	2106	2132	2311	2031	2459	2201	2430
ENSMUSG00000103016	0	0	0	0	0	0	0	0	0	0	0	0	0	0	0	0
ENSMUSG00000102930	0	0	0	0	0	0	0	0	0	0	0	0	0	0	0	0
ENSMUSG00000103159	0	0	0	0	0	0	0	0	0	0	0	0	0	0	0	0
ENSMUSG00000080054	4	8	2	3	1	3	3	6	8	18	7	12	5	4	16	5
ENSMUSG00000095944	0	0	0	0	0	0	0	1	0	0	0	0	0	0	0	0
ENSMUSG00000050122	2	1	4	2	3	4	2	5	11	10	9	17	7	4	6	5
ENSMUSG00000103603	0	0	1	0	0	0	0	0	0	0	0	0	0	0	0	0
ENSMUSG00000026114	8	14	8	8	6	5	5	8	2	1	2	1	2	0	3	1
ENSMUSG00000102231	0	0	0	0	0	0	0	0	0	0	0	0	0	0	0	0
ENSMUSG00000026113	348	448	405	431	386	421	440	661	431	358	494	452	472	563	499	610
ENSMUSG00000086064	0	0	0	0	0	0	0	0	0	0	0	0	0	0	0	0
ENSMUSG00000102879	0	0	0	0	0	0	0	0	0	0	0	0	0	0	0	0
ENSMUSG00000026112	2632	2808	2820	3696	3018	3267	3201	3573	3285	3760	3614	4241	3276	3748	3654	4031
ENSMUSG00000026111	808	733	810	1115	875	772	820	1101	1173	1209	1227	1380	1125	1206	1249	1164
ENSMUSG00000026110	135	160	121	199	129	131	193	305	70	80	98	106	105	139	164	190
ENSMUSG00000103948	0	0	0	0	0	0	0	0	0	0	0	0	0	0	0	0
ENSMUSG00000087233	0	0	0	0	0	0	0	0	0	0	0	0	0	0	0	0
ENSMUSG00000026090	4	8	5	5	2	3	3	2	0	2	2	1	4	1	2	4
ENSMUSG00000089767	0	0	0	0	0	0	0	0	0	0	0	0	0	0	0	0
ENSMUSG00000104365	0	0	0	0	0	0	0	0	0	0	0	0	0	0	0	0
ENSMUSG00000102650	0	0	0	0	0	0	0	0	0	0	0	0	0	0	0	0
ENSMUSG00000060771	172	216	196	251	167	197	124	297	267	292	351	415	264	306	333	341
ENSMUSG00000097268	1	0	0	0	0	0	0	0	0	3	3	1	3	1	1	2
ENSMUSG00000037216	62	50	44	80	41	33	56	51	47	54	80	96	55	55	83	89
ENSMUSG00000026088	1587	1547	1795	2411	1838	1706	1888	2376	1560	1819	1367	1727	1045	1136	1369	1354
ENSMUSG00000026087	1927	1595	2010	2583	2156	2067	2160	2201	1295	1568	1230	1493	1173	1129	1420	1281
ENSMUSG00000061584	0	0	0	1	0	1	0	0	0	0	0	0	0	2	0	0
ENSMUSG00000087374	0	0	0	0	0	0	0	0	0	0	0	0	0	0	0	0
ENSMUSG00000026085	0	0	0	0	0	0	0	0	0	0	0	0	0	0	0	0
ENSMUSG00000089141	0	0	0	0	0	0	0	0	0	0	0	0	0	0	0	0
ENSMUSG00000058407	2156	1973	2350	3206	2430	2488	2470	2750	2356	2854	2516	3309	2359	2416	2696	2528
ENSMUSG00000026083	3903	4766	4464	5788	4377	5016	4476	5107	4340	4747	4058	5334	3629	3918	3906	4158
ENSMUSG00000026082	1127	1151	1206	1552	1097	1085	1163	1431	1094	1148	1191	1376	940	967	1063	1164
ENSMUSG00000103804	0	0	0	0	0	0	0	0	0	0	0	0	0	0	0	0
ENSMUSG00000102716	0	1	0	0	0	0	0	0	0	0	0	0	1	0	0	0
ENSMUSG00000037138	356	370	277	356	735	529	599	872	555	554	499	471	624	630	860	937
ENSMUSG00000085391	0	0	0	0	0	2	2	1	0	0	0	0	3	0	0	0
ENSMUSG00000085280	2	0	0	0	0	0	0	0	0	0	0	1	1	1	0	0
ENSMUSG00000087131	0	0	1	0	2	2	0	0	11	5	15	11	16	6	6	6
ENSMUSG00000102984	0	0	0	0	0	0	0	0	0	0	0	0	0	0	0	0
ENSMUSG00000102541	0	0	0	0	0	0	0	0	0	0	0	0	0	0	0	0
ENSMUSG00000103531	0	0	0	0	0	0	0	0	0	0	0	0	0	0	0	0
ENSMUSG00000048814	31	29	29	41	12	32	38	66	16	25	38	56	19	33	32	32
ENSMUSG00000026080	86	81	66	59	84	65	133	132	66	55	100	108	59	53	74	94
ENSMUSG00000103647	0	0	0	0	0	0	0	0	0	0	0	0	0	0	0	0
ENSMUSG00000102447	0	0	0	0	0	0	0	0	0	0	0	0	0	0	0	0
ENSMUSG00000067604	0	0	0	0	0	0	0	0	0	0	0	0	0	0	0	0
ENSMUSG00000026078	1240	995	1240	1590	1520	1360	1411	1463	1335	1526	1382	1716	1541	1381	1758	1487
ENSMUSG00000103046	0	0	0	0	0	0	0	0	0	0	0	0	0	0	0	0
ENSMUSG00000104188	0	0	0	0	0	0	0	0	0	0	0	0	0	0	0	0
ENSMUSG00000103182	0	0	0	0	0	0	0	0	0	0	0	0	0	0	0	0
ENSMUSG00000098833	0	0	0	0	0	0	0	0	0	0	0	0	0	0	0	0
ENSMUSG00000026077	52	58	62	81	70	89	88	121	104	86	121	119	90	104	109	103
ENSMUSG00000092553	1	0	0	0	1	0	0	1	1	1	0	2	2	0	0	1
ENSMUSG00000092563	0	0	0	0	0	0	0	0	0	0	0	0	0	0	0	0
ENSMUSG00000073702	7879	5455	7686	10209	9490	7652	9252	10447	9764	12044	10547	12524	11144	9120	13924	10247
ENSMUSG00000003134	71	85	70	84	61	84	91	134	47	37	54	51	42	34	48	35
ENSMUSG00000102607	0	0	0	0	0	0	0	0	0	0	0	0	0	0	0	0
ENSMUSG00000104827	0	0	0	0	0	0	0	0	0	0	0	0	0	0	0	0
ENSMUSG00000065629	0	0	0	0	0	0	0	0	0	0	0	0	0	0	0	0
ENSMUSG00000003135	865	847	906	1217	837	842	886	969	787	824	862	1004	709	823	721	906
ENSMUSG00000085894	138	162	143	177	94	102	79	141	103	95	85	122	71	60	52	55
ENSMUSG00000077704	0	0	0	0	0	0	0	0	0	0	0	0	0	0	0	0
ENSMUSG00000048234	1035	1120	1138	1606	796	917	790	934	947	891	774	867	646	811	654	727
ENSMUSG00000064936	0	0	0	0	0	0	0	0	0	0	0	0	0	0	0	0
ENSMUSG00000102471	0	0	0	0	0	0	0	0	0	0	0	0	0	0	0	1
ENSMUSG00000050967	3	1	4	6	3	2	3	4	2	1	1	0	5	2	2	11
ENSMUSG00000097083	0	0	0	1	0	1	0	0	0	0	0	0	0	0	0	1
ENSMUSG00000057173	26	28	29	41	22	18	22	19	34	42	48	39	14	28	24	19
ENSMUSG00000091937	0	0	0	0	0	0	1	0	0	0	0	0	0	0	0	0
ENSMUSG00000101634	0	0	0	0	0	1	0	0	1	0	0	1	0	0	0	2
ENSMUSG00000026074	19443	21076	20812	25375	16476	17385	16301	18950	16316	15957	16106	16762	12341	13133	11947	12740
ENSMUSG00000102985	2	1	0	2	0	0	0	0	10	3	13	10	4	2	8	4
ENSMUSG00000026073	568	462	740	876	858	864	943	1032	1189	1384	1363	1758	1454	1346	1537	1490
ENSMUSG00000097899	12	4	8	13	18	29	24	38	80	66	75	98	39	42	53	76
ENSMUSG00000102975	0	0	0	0	0	0	0	0	0	0	0	0	0	0	0	0
ENSMUSG00000026072	18256	20994	20338	27836	21311	23242	18713	25947	26694	28666	23310	26722	16460	18885	16030	18432
ENSMUSG00000103560	0	0	0	0	0	0	0	0	0	0	0	0	0	0	0	0
ENSMUSG00000070942	11122	12070	12837	17535	10651	12336	10685	14459	14351	15396	15956	17980	9284	10007	9484	10751
ENSMUSG00000103230	0	0	0	0	0	0	0	0	0	0	0	0	0	0	0	0
ENSMUSG00000026069	48722	51040	58271	72177	55774	71191	59417	67158	20438	22898	17450	19494	15512	16970	13063	14322
ENSMUSG00000026070	206	309	208	246	240	235	280	504	36	34	47	56	53	42	51	61
ENSMUSG00000026068	84	104	87	118	84	63	85	157	18	22	31	29	35	54	67	59
ENSMUSG00000104441	0	0	0	0	0	0	0	0	0	0	0	0	0	0	0	0
ENSMUSG00000026065	17	13	10	14	11	9	5	12	15	9	12	8	8	6	8	9
ENSMUSG00000102676	0	0	0	0	0	0	0	0	0	0	0	0	0	0	0	0
ENSMUSG00000026062	14	15	12	12	7	15	8	8	5	2	7	0	1	1	2	5
ENSMUSG00000103679	0	0	0	0	0	0	0	0	0	0	0	0	0	0	0	0
ENSMUSG00000103270	0	0	0	0	1	0	0	0	0	0	0	0	0	0	0	0
ENSMUSG00000041945	74	79	112	131	92	119	114	115	107	137	146	146	101	140	127	151
ENSMUSG00000079588	66	77	65	100	57	71	70	76	42	32	47	46	33	41	30	37
ENSMUSG00000094136	0	0	0	0	0	0	0	0	0	0	0	0	0	0	0	0
ENSMUSG00000104072	0	0	0	0	0	0	0	0	0	0	0	0	0	0	0	0
ENSMUSG00000100185	0	0	0	0	0	0	0	0	0	0	0	0	0	0	0	0
ENSMUSG00000100832	0	0	0	0	0	0	0	0	0	1	0	0	0	0	0	0
ENSMUSG00000100178	0	0	0	0	0	0	0	4	0	0	0	0	0	0	0	0
ENSMUSG00000101877	0	0	0	0	0	0	0	0	0	0	0	0	0	0	0	0
ENSMUSG00000053640	0	0	0	0	0	0	0	0	0	0	0	0	0	0	0	0
ENSMUSG00000101919	0	0	0	0	0	0	0	0	0	0	0	0	0	0	0	0
ENSMUSG00000101299	0	0	0	0	0	0	0	0	0	0	0	0	0	0	0	0
ENSMUSG00000100180	0	0	0	0	0	0	0	0	0	0	0	0	0	0	0	0
ENSMUSG00000103106	0	0	0	0	0	0	0	0	0	0	0	0	0	0	0	0
ENSMUSG00000060424	0	0	0	0	0	0	0	0	0	0	0	0	0	0	0	0
ENSMUSG00000104199	0	0	0	0	0	0	0	0	0	0	0	0	0	0	0	0
ENSMUSG00000093436	0	0	0	0	0	0	0	0	0	0	0	1	0	0	0	0
ENSMUSG00000045515	0	0	0	0	0	0	0	0	0	0	0	0	0	0	0	0
ENSMUSG00000097063	1	0	0	1	0	0	0	0	2	1	1	0	1	2	3	0
ENSMUSG00000099784	0	0	0	0	0	0	0	0	0	0	0	0	0	0	0	0
ENSMUSG00000060679	757	843	659	865	763	803	669	975	897	806	778	821	686	877	790	755
ENSMUSG00000077448	0	0	0	0	0	0	0	0	0	0	0	0	0	0	0	0
ENSMUSG00000041907	7	5	5	5	6	4	5	5	6	6	8	3	8	9	6	15
ENSMUSG00000089088	0	0	0	0	0	0	0	0	0	0	0	0	0	0	0	0
ENSMUSG00000070939	1345	1413	1468	1773	1282	1336	1321	1608	1422	1271	1379	1337	1148	1330	1262	1301
ENSMUSG00000100269	0	0	0	0	0	0	0	0	0	0	0	0	0	0	0	0
ENSMUSG00000041878	4	2	5	6	6	4	2	9	8	13	3	8	2	0	1	5
ENSMUSG00000010290	493	547	544	740	621	586	615	697	679	835	837	1008	723	830	814	960
ENSMUSG00000008136	522	419	498	584	487	405	351	419	369	382	309	302	689	644	704	648
ENSMUSG00000094497	517	347	334	327	614	333	465	430	606	605	419	319	400	330	533	314
ENSMUSG00000099576	2	0	2	2	1	0	1	0	3	0	1	0	1	2	0	1
ENSMUSG00000099694	0	0	0	0	0	0	0	0	0	0	0	0	0	0	0	0
ENSMUSG00000101923	0	0	1	0	0	0	0	0	0	0	0	0	0	0	0	0
ENSMUSG00000066877	209	272	179	229	252	212	238	361	341	264	307	300	334	379	349	290
ENSMUSG00000103422	0	0	0	0	0	0	0	0	0	0	0	0	0	0	0	0
ENSMUSG00000103945	0	0	0	0	0	0	0	0	0	0	0	0	0	0	0	0
ENSMUSG00000026051	35	24	59	77	47	59	56	46	35	38	33	42	83	89	83	67
ENSMUSG00000100764	8	5	6	10	4	4	1	5	3	9	5	11	3	9	6	5
ENSMUSG00000100635	0	0	0	0	0	0	0	0	0	0	1	0	0	0	0	0
ENSMUSG00000100480	3	6	3	3	4	3	2	3	1	4	5	2	2	3	0	5
ENSMUSG00000057363	1452	1362	1563	2010	1768	1753	1506	1799	1806	2071	1794	2147	2058	2245	2164	2383
ENSMUSG00000090243	0	0	1	3	1	0	7	1	0	1	1	0	1	0	0	1
ENSMUSG00000100701	12	13	12	12	11	14	18	19	20	20	12	10	5	10	22	9
ENSMUSG00000101395	0	0	0	0	0	0	0	0	0	0	0	0	0	0	0	0
ENSMUSG00000088848	0	0	0	0	0	0	0	0	0	0	0	0	0	0	0	0
ENSMUSG00000095757	0	0	0	0	0	0	0	0	0	0	0	0	0	0	0	0
ENSMUSG00000041763	3796	4455	4148	5531	4362	4638	4093	5206	3794	4464	4070	4958	3828	4196	3975	4357
ENSMUSG00000047343	0	3	0	0	0	1	0	0	1	1	0	0	0	0	0	0
ENSMUSG00000090106	0	0	0	0	0	0	0	0	0	0	0	0	0	0	0	0
ENSMUSG00000091844	6	12	6	9	5	5	6	12	2	0	5	1	5	1	1	2
ENSMUSG00000026049	272	270	354	414	322	271	272	292	179	175	178	252	180	186	260	230
ENSMUSG00000101104	3	3	7	11	2	4	5	17	16	18	9	21	10	16	8	11
ENSMUSG00000026047	1271	1132	1297	1632	1424	1320	1414	1524	1777	2041	1823	2137	1570	1651	1668	1907
ENSMUSG00000041684	440	483	516	669	518	536	500	637	692	718	783	908	669	748	660	807
ENSMUSG00000026048	777	757	784	1036	907	858	918	1138	1024	1066	1021	1219	933	998	1009	1170
ENSMUSG00000046828	0	0	0	0	0	0	0	0	0	0	0	0	0	0	0	0
ENSMUSG00000089703	0	0	0	0	0	0	0	0	0	0	0	0	0	0	0	0
ENSMUSG00000100966	0	0	0	0	0	0	0	0	1	0	0	0	0	0	0	0
ENSMUSG00000100769	0	0	0	0	0	0	0	0	0	0	0	0	0	0	0	0
ENSMUSG00000101567	2	2	4	1	1	2	6	12	4	0	3	5	2	0	5	1
ENSMUSG00000056870	533	705	633	885	961	997	845	1050	3267	4113	3373	4401	4882	5039	5202	5152
ENSMUSG00000102319	0	0	0	0	0	0	0	0	0	0	0	0	0	0	0	0
ENSMUSG00000089877	0	0	0	0	0	0	0	0	0	0	0	0	0	0	0	0
ENSMUSG00000101701	0	1	2	1	2	0	0	0	0	2	0	2	0	1	1	0
ENSMUSG00000103071	0	0	0	0	0	0	0	0	0	0	0	0	0	0	0	0
ENSMUSG00000100434	5	6	3	2	2	8	3	10	1	5	1	4	1	4	1	3
ENSMUSG00000100013	0	0	0	0	0	0	0	0	0	0	0	0	0	0	0	0
ENSMUSG00000101251	0	0	0	0	0	0	0	0	0	3	3	1	0	0	0	1
ENSMUSG00000101937	0	1	0	1	0	0	4	1	0	0	1	0	1	2	1	1
ENSMUSG00000026043	395877	385425	348899	396646	479105	382011	275580	308737	659611	579921	539225	443557	662024	635677	562850	495065
ENSMUSG00000105211	0	0	0	0	0	0	0	0	0	0	0	0	0	0	0	0
ENSMUSG00000026042	30875	30256	29282	34027	38450	32687	25780	29294	46807	43411	44090	37868	60164	56810	54303	51009
ENSMUSG00000104476	0	0	0	0	0	0	0	0	0	0	0	0	0	0	0	0
ENSMUSG00000100218	0	0	0	0	0	0	0	0	0	0	0	0	0	0	0	0
ENSMUSG00000100361	0	0	1	0	0	0	0	0	0	2	1	2	0	4	2	1
ENSMUSG00000100894	0	1	0	0	0	1	1	0	0	0	0	0	0	0	0	0
ENSMUSG00000095121	0	0	0	0	0	0	0	0	0	0	0	0	0	1	0	6
ENSMUSG00000065255	0	0	0	0	0	0	0	0	0	0	0	0	0	0	0	0
ENSMUSG00000100843	8	2	10	11	24	27	30	18	19	23	27	19	54	45	47	61
ENSMUSG00000087764	0	1	0	0	0	0	0	0	0	0	0	0	0	0	0	0
ENSMUSG00000025995	2236	2214	2263	2866	2498	2298	2199	2510	2060	2369	2037	2429	2167	2240	2439	2296
ENSMUSG00000099850	0	0	0	0	0	0	0	0	0	0	0	0	0	0	0	0
ENSMUSG00000084817	49	32	47	72	60	62	68	85	52	58	51	66	49	61	82	67
ENSMUSG00000098549	1	1	0	0	2	0	2	1	1	0	0	3	1	0	0	0
ENSMUSG00000099381	1	1	3	1	2	1	3	6	1	0	0	1	0	0	0	0
ENSMUSG00000025993	89	70	55	80	87	74	86	101	202	227	255	320	753	803	790	970
ENSMUSG00000099946	0	0	0	0	0	0	0	0	0	0	0	0	0	0	0	0
ENSMUSG00000070896	2	4	7	5	1	2	1	3	5	6	8	7	11	6	9	4
ENSMUSG00000090682	1	0	0	1	0	0	0	0	0	0	0	1	0	0	0	0
ENSMUSG00000044457	0	0	0	0	0	0	0	0	1	0	0	0	0	0	0	0
ENSMUSG00000099432	0	0	0	0	1	1	1	0	0	0	0	1	2	0	0	0
ENSMUSG00000041144	30	34	37	54	28	31	32	52	115	102	116	143	107	119	103	118
ENSMUSG00000096047	0	0	0	0	0	0	0	0	0	0	0	0	0	0	0	0
ENSMUSG00000101262	24	30	17	26	24	25	33	49	36	29	19	36	30	24	28	33
ENSMUSG00000101337	1	2	1	2	0	0	0	3	7	6	9	6	3	6	2	6
ENSMUSG00000025986	1442	1698	1561	2045	1555	1669	1712	2258	1303	1407	1493	1789	1613	1638	1456	1751
ENSMUSG00000100213	0	0	0	0	0	0	0	0	0	0	0	0	0	0	0	0
ENSMUSG00000103129	0	0	0	0	0	0	0	0	0	0	0	0	0	0	0	0
ENSMUSG00000100160	0	1	1	0	0	1	0	2	1	0	3	0	0	0	1	0
ENSMUSG00000101921	0	0	0	0	0	0	0	0	0	0	0	0	0	0	0	0
ENSMUSG00000101447	0	1	0	0	0	0	0	0	0	0	0	0	0	1	1	0
ENSMUSG00000081185	2	1	2	3	0	2	3	1	0	3	1	1	0	0	1	0
ENSMUSG00000103246	0	0	0	0	0	0	0	0	0	0	0	0	0	0	0	0
ENSMUSG00000098876	0	0	0	0	0	0	0	0	0	0	0	0	0	0	0	0
ENSMUSG00000100530	0	0	0	0	0	0	0	0	0	0	0	0	0	0	0	0
ENSMUSG00000104067	0	0	0	0	0	0	0	0	1	0	0	0	0	0	0	0
ENSMUSG00000100033	28	38	16	31	24	31	27	42	21	30	37	40	28	44	25	34
ENSMUSG00000094968	0	0	0	0	0	0	0	0	0	0	0	0	0	0	0	0
ENSMUSG00000088017	0	0	0	0	0	0	0	0	0	0	0	0	0	0	0	0
ENSMUSG00000101996	0	0	0	0	0	0	0	0	0	0	0	0	0	0	0	0
ENSMUSG00000096973	0	0	0	0	0	0	0	0	0	0	0	0	0	0	0	0
ENSMUSG00000064943	0	0	0	0	0	0	0	0	0	0	0	0	0	0	0	0
ENSMUSG00000100866	0	0	0	0	0	0	0	0	0	0	0	0	0	0	0	0
ENSMUSG00000101721	0	0	0	0	0	0	0	0	0	0	0	0	0	0	0	0
ENSMUSG00000099376	0	0	0	0	0	0	0	0	0	0	0	0	0	0	0	0
ENSMUSG00000097883	0	0	0	0	0	0	0	0	0	0	0	0	0	0	0	0
ENSMUSG00000092790	0	0	0	0	0	0	0	0	0	0	0	0	0	0	0	0
ENSMUSG00000099698	0	0	0	0	0	0	0	0	0	0	0	0	0	0	0	0
ENSMUSG00000099454	0	0	0	0	0	0	0	0	0	0	0	0	0	0	0	0
ENSMUSG00000051616	0	1	1	0	0	1	0	2	1	0	0	1	0	2	0	0
ENSMUSG00000099627	0	0	0	0	0	0	0	0	0	0	0	0	0	0	0	0
ENSMUSG00000099577	0	0	0	0	0	0	0	0	0	0	0	0	0	0	0	0
ENSMUSG00000099882	0	0	0	0	0	0	0	0	0	0	0	0	0	0	0	0
ENSMUSG00000101760	0	0	0	0	0	0	0	0	0	0	0	0	0	0	0	0
ENSMUSG00000099608	0	0	0	0	0	0	0	0	0	0	0	0	0	0	0	0
ENSMUSG00000099864	0	0	0	0	0	0	0	0	0	0	0	0	0	0	0	0
ENSMUSG00000098249	0	0	0	0	0	0	0	0	0	0	0	0	0	0	0	0
ENSMUSG00000100451	0	0	0	0	0	0	0	0	0	0	0	0	0	0	0	0
ENSMUSG00000099941	0	0	0	0	0	0	0	0	0	0	0	0	0	0	0	0
ENSMUSG00000084531	0	0	0	0	0	0	0	0	0	0	0	0	0	0	0	0
ENSMUSG00000100816	1	0	0	0	0	1	0	1	0	0	1	2	0	0	1	2
ENSMUSG00000026109	582	559	605	725	691	642	577	685	827	811	891	932	849	883	798	897
ENSMUSG00000100671	0	0	0	0	0	0	0	0	0	0	0	0	0	0	0	0
ENSMUSG00000092906	0	0	0	0	0	0	0	0	0	0	0	0	0	0	0	0
ENSMUSG00000101242	0	0	0	1	1	0	1	0	0	0	0	0	0	0	2	0
ENSMUSG00000099924	0	0	0	0	0	0	0	0	0	0	0	0	0	0	0	0
ENSMUSG00000099625	0	1	0	1	1	1	0	1	0	2	0	0	0	0	2	0
ENSMUSG00000101799	9	17	8	9	3	4	8	1	14	9	10	16	3	10	11	9
ENSMUSG00000045954	1236	1183	1017	1312	652	498	544	578	1912	2225	1977	2398	1009	969	1131	1167
ENSMUSG00000099741	0	0	0	0	0	0	0	0	0	0	0	0	0	0	0	0
ENSMUSG00000101702	0	2	1	2	1	1	3	2	0	0	2	0	2	0	1	0
ENSMUSG00000026107	280	321	201	290	455	255	581	747	631	720	764	982	458	501	1254	1437
ENSMUSG00000099413	0	0	0	2	2	1	2	1	0	0	2	0	1	1	2	0
ENSMUSG00000103424	0	0	0	0	0	0	0	0	0	0	0	0	0	0	0	0
ENSMUSG00000101741	3	6	4	8	0	3	0	2	1	6	1	0	1	0	6	0
ENSMUSG00000018417	1656	1902	1592	1989	1229	1186	1160	1343	1743	1844	1788	1994	1030	1275	1264	1567
ENSMUSG00000101724	0	0	0	0	0	0	0	0	0	0	0	0	0	0	0	0
ENSMUSG00000100313	0	0	0	0	0	0	0	0	0	0	0	0	0	0	0	0
ENSMUSG00000100696	0	0	1	0	0	0	0	0	0	0	0	0	0	2	0	0
ENSMUSG00000099135	0	0	0	0	0	0	0	0	0	0	0	0	0	0	0	0
ENSMUSG00000072324	0	0	1	4	1	2	1	0	0	0	1	0	1	0	3	0
ENSMUSG00000062939	39	25	23	38	25	26	57	83	3	6	7	7	8	4	23	19
ENSMUSG00000101628	22	8	17	10	17	10	27	41	13	4	11	10	9	2	8	5
ENSMUSG00000078291	0	1	0	1	3	1	2	0	3	1	0	1	2	1	3	1
ENSMUSG00000026104	1878	2047	2202	2901	2262	2327	2617	3085	1536	1743	1559	1851	1655	1773	2027	2199
ENSMUSG00000099569	0	0	0	0	0	0	0	0	0	0	0	0	0	0	0	0
ENSMUSG00000026103	3998	4844	4409	6035	4442	4884	4553	6055	4298	4729	5010	6193	4575	5276	4698	5364
ENSMUSG00000099648	0	0	0	0	0	0	0	0	0	0	0	0	0	0	0	0
ENSMUSG00000065192	0	1	0	0	0	0	0	0	0	0	0	0	0	0	0	0
ENSMUSG00000002881	2386	2434	2587	3510	2282	2405	1979	2370	2254	2409	2137	2470	1963	2129	1896	2002
ENSMUSG00000097833	0	0	0	0	0	0	0	0	0	0	0	0	0	0	0	0
ENSMUSG00000101501	3	2	1	0	0	1	3	0	6	2	1	4	2	2	1	3
ENSMUSG00000100120	12	16	4	7	8	6	7	10	5	4	3	7	5	2	2	6
ENSMUSG00000099878	0	0	0	0	0	0	0	0	0	0	0	0	0	0	0	0
ENSMUSG00000100007	5	2	6	7	11	3	9	6	5	8	10	10	5	8	15	7
ENSMUSG00000043015	205	211	172	244	186	189	286	480	152	139	203	201	146	179	175	174
ENSMUSG00000103630	4	4	1	10	12	10	9	15	0	1	3	2	1	1	3	0
ENSMUSG00000041439	426	519	465	658	452	481	440	612	432	435	542	568	404	466	443	468
ENSMUSG00000100302	0	0	0	0	0	0	0	0	0	0	0	0	0	0	0	0
ENSMUSG00000100230	8	1	0	5	0	2	9	6	5	1	1	1	1	4	1	0
ENSMUSG00000026102	500	494	569	639	440	447	468	522	476	547	516	572	429	459	455	441
ENSMUSG00000041426	447	461	477	644	551	542	610	671	732	936	888	1085	685	736	793	836
ENSMUSG00000089802	0	0	0	0	0	0	0	0	0	0	0	0	0	1	0	0
ENSMUSG00000043629	104	94	87	134	87	121	131	149	135	175	152	222	87	93	75	116
ENSMUSG00000026100	0	0	0	1	0	0	0	0	0	0	0	0	1	0	3	1
ENSMUSG00000089334	0	0	0	0	0	0	0	0	0	0	0	0	0	0	0	0
ENSMUSG00000060715	0	0	0	0	0	0	4	3	0	3	2	1	0	0	0	0
ENSMUSG00000026098	186	223	262	337	206	221	229	322	206	214	228	300	175	210	259	245
ENSMUSG00000100763	0	0	0	0	0	0	0	0	0	0	0	0	0	0	0	0
ENSMUSG00000026097	0	0	0	0	0	0	0	0	0	0	0	0	0	0	0	0
ENSMUSG00000100679	11	12	5	11	7	10	4	8	5	3	13	5	7	6	10	5
ENSMUSG00000026096	183	154	187	258	235	196	195	249	240	272	218	294	218	206	232	232
ENSMUSG00000099913	2	3	2	4	2	2	7	6	2	2	3	2	2	2	9	4
ENSMUSG00000101838	0	0	0	0	0	0	0	0	0	0	0	0	0	0	0	0
ENSMUSG00000026095	1	0	0	0	0	0	0	0	0	0	0	0	0	0	0	0
ENSMUSG00000100267	0	0	0	0	0	0	0	0	0	0	0	0	0	0	0	0
ENSMUSG00000099450	0	0	0	0	0	0	0	0	0	0	0	0	0	0	0	0
ENSMUSG00000100069	0	2	0	0	0	1	2	3	0	0	0	4	0	1	2	1
ENSMUSG00000096141	117	109	110	173	91	103	84	88	110	114	95	96	44	36	16	34
ENSMUSG00000092657	0	0	0	0	0	0	0	0	0	0	0	0	0	0	0	0
ENSMUSG00000026094	974	1001	831	1150	1057	835	1315	1522	789	973	798	906	624	649	720	702
ENSMUSG00000102405	0	0	0	0	0	0	0	0	0	0	0	0	0	0	0	0
ENSMUSG00000042807	222	262	249	329	243	247	245	338	271	254	357	380	232	276	290	331
ENSMUSG00000098443	0	0	0	0	0	0	0	0	0	0	0	0	0	0	0	0
ENSMUSG00000087949	0	0	0	0	0	0	0	0	0	0	0	0	0	0	0	0
ENSMUSG00000102868	0	0	0	0	0	0	0	0	0	0	0	0	0	0	0	0
ENSMUSG00000094013	0	0	0	0	0	0	0	0	0	0	0	0	0	0	0	0
ENSMUSG00000025983	16	25	6	18	10	8	3	13	9	13	15	12	15	16	21	16
ENSMUSG00000041303	1210	1418	1366	1739	1285	1429	1335	1591	1340	1566	1492	1884	1358	1462	1562	1653
ENSMUSG00000073678	181	259	200	271	197	243	240	305	148	185	242	334	226	231	235	277
ENSMUSG00000104136	0	0	0	0	0	0	0	0	0	0	0	0	0	0	0	0
ENSMUSG00000101130	0	0	0	0	0	0	1	0	0	0	0	0	0	0	0	0
ENSMUSG00000052331	516	701	597	703	658	624	805	1229	396	437	465	470	481	564	568	656
ENSMUSG00000101674	1	0	1	0	1	0	0	0	0	0	0	0	0	0	0	0
ENSMUSG00000102503	0	0	0	0	0	0	0	0	0	0	0	0	0	0	0	0
ENSMUSG00000089245	0	0	0	0	0	0	0	0	0	0	0	0	0	0	0	0
ENSMUSG00000102642	0	0	0	0	0	0	0	0	0	0	0	0	0	0	0	0
ENSMUSG00000025982	9790	10428	10222	13387	10898	10998	11011	13722	9991	11394	10709	12767	9959	10943	11232	12280
ENSMUSG00000103030	1	1	3	6	1	4	0	6	9	11	9	4	7	3	9	3
ENSMUSG00000025981	822	744	882	1055	922	840	836	962	547	655	613	637	741	749	726	750
ENSMUSG00000101122	0	0	0	0	0	0	0	0	0	0	0	0	0	0	0	0
ENSMUSG00000025980	11638	11874	11843	15302	13180	12149	13116	14551	8971	10378	9397	12349	7855	8505	9699	10387
ENSMUSG00000073676	2322	1927	2216	3005	2917	2443	2708	2993	1996	2559	1998	2344	2120	2098	2684	1982
ENSMUSG00000100736	0	0	1	0	1	0	0	0	0	0	0	0	0	0	0	0
ENSMUSG00000089670	3	6	0	1	1	1	1	3	5	2	2	5	2	2	1	1
ENSMUSG00000025979	1042	949	1056	1418	1177	1181	1189	1272	1263	1737	1341	1775	1513	1446	1625	1511
ENSMUSG00000061863	5	9	10	13	5	13	11	10	13	15	14	20	17	13	12	5
ENSMUSG00000025978	574	525	491	619	555	482	449	497	957	963	989	1052	676	782	844	751
ENSMUSG00000097649	99	104	89	141	91	94	95	101	180	232	187	192	153	150	151	147
ENSMUSG00000046994	283	278	274	346	264	245	321	392	246	249	281	282	209	235	266	325
ENSMUSG00000025977	7	2	3	0	1	3	8	13	1	0	0	0	0	0	1	0
ENSMUSG00000100030	0	0	0	0	0	0	0	0	0	0	0	0	0	0	0	0
ENSMUSG00000100215	49	30	48	63	48	34	46	48	58	76	57	72	68	49	65	43
ENSMUSG00000101945	0	3	0	0	1	1	0	0	0	1	0	0	0	2	0	0
ENSMUSG00000101085	0	0	0	0	0	0	0	0	0	0	0	0	0	0	0	0
ENSMUSG00000038349	56	74	76	62	262	282	230	282	86	98	96	106	269	308	315	350
ENSMUSG00000102145	0	0	0	0	0	0	0	0	0	0	0	0	0	0	0	0
ENSMUSG00000100309	65	62	115	143	93	73	58	42	74	74	61	81	49	56	45	26
ENSMUSG00000102831	0	0	0	0	0	0	0	0	0	0	0	0	0	0	0	0
ENSMUSG00000099950	0	1	0	0	1	0	1	1	0	0	0	0	1	0	0	1
ENSMUSG00000102491	0	0	0	0	0	0	0	0	0	0	0	0	0	0	0	0
ENSMUSG00000100372	0	0	0	0	0	0	0	0	0	0	0	0	0	0	0	0
ENSMUSG00000100944	0	2	0	0	0	0	0	0	0	0	0	0	0	1	0	0
ENSMUSG00000101332	0	0	0	0	0	0	0	0	0	0	0	0	0	0	0	0
ENSMUSG00000045336	0	0	0	0	0	0	0	0	0	0	0	0	0	0	0	0
ENSMUSG00000038331	47	45	52	51	32	37	39	54	40	41	38	54	36	33	45	49
ENSMUSG00000087022	0	0	1	0	0	0	0	0	0	0	4	0	1	1	2	0
ENSMUSG00000104310	0	0	0	0	0	0	0	0	0	0	0	0	0	0	0	0
ENSMUSG00000094128	0	0	0	0	0	0	0	0	0	0	0	0	0	0	0	0
ENSMUSG00000099945	0	0	0	0	0	0	0	0	0	0	0	0	0	0	0	0
ENSMUSG00000101429	0	0	0	0	0	0	0	0	0	0	0	0	0	0	0	0
ENSMUSG00000101129	0	0	0	0	0	1	0	0	0	0	0	0	1	0	0	0
ENSMUSG00000097519	22	21	20	29	22	24	8	30	29	24	29	23	29	23	24	32
ENSMUSG00000038323	249	292	247	338	272	277	276	306	331	339	298	419	333	444	416	467
ENSMUSG00000048495	370	268	344	451	385	330	322	394	392	443	354	508	339	349	436	402
ENSMUSG00000025971	360	329	370	509	463	438	401	441	401	449	331	428	423	443	424	372
ENSMUSG00000077776	0	0	0	0	0	0	0	0	0	0	0	0	0	0	0	0
ENSMUSG00000088353	0	0	0	0	0	0	0	0	0	0	0	0	0	0	0	0
ENSMUSG00000101826	0	0	0	0	0	0	0	0	0	0	0	0	0	0	0	0
ENSMUSG00000102685	0	0	0	0	0	0	0	0	0	0	0	0	0	0	0	0
ENSMUSG00000101151	0	0	0	0	0	0	0	0	0	0	0	0	0	0	0	0
ENSMUSG00000038305	981	1001	1185	1502	1110	1148	970	1163	416	442	361	437	518	530	554	621
ENSMUSG00000091283	0	1	0	0	0	0	0	0	0	1	0	0	0	0	0	0
ENSMUSG00000054770	265	278	237	303	234	251	250	414	352	363	470	420	355	383	347	350
ENSMUSG00000026039	1248	1375	1248	1724	1047	1009	742	818	738	938	929	1228	863	925	1132	1322
ENSMUSG00000063558	1016	1110	1195	1522	787	853	1020	1392	1280	1079	1538	1566	863	1001	1005	1195
ENSMUSG00000064294	17	10	26	37	27	47	38	43	308	286	598	764	455	501	489	588
ENSMUSG00000089275	0	0	0	0	0	0	0	0	0	0	0	0	0	0	0	0
ENSMUSG00000038242	0	0	1	0	5	2	0	0	0	4	0	3	0	3	1	5
ENSMUSG00000089822	0	0	0	2	0	1	2	1	0	0	1	0	4	1	3	4
ENSMUSG00000079554	1	3	0	0	2	1	3	3	3	1	4	0	8	12	3	7
ENSMUSG00000103839	20	32	27	27	22	40	44	47	39	48	76	72	40	45	55	67
ENSMUSG00000051223	10629	10651	11285	15161	11853	12267	11251	12731	11304	13681	10681	13462	13565	14041	14039	15151
ENSMUSG00000026034	1969	1952	1969	2598	2111	1954	2196	3268	3209	3510	3296	3925	2752	2720	2998	3310
ENSMUSG00000026035	742	591	742	888	798	749	825	971	687	886	688	941	704	705	910	748
ENSMUSG00000026036	740	639	711	963	764	680	798	926	647	781	783	897	754	833	845	915
ENSMUSG00000026037	1411	1584	1530	2043	1563	1536	1390	1723	937	1030	930	1112	980	1100	1172	1197
ENSMUSG00000094245	0	0	0	0	0	0	0	0	0	0	0	0	0	0	0	0
ENSMUSG00000085054	26	58	23	47	33	33	41	77	31	27	55	49	47	40	37	37
ENSMUSG00000038174	398	562	418	593	418	403	450	656	524	545	538	737	607	578	618	709
ENSMUSG00000026032	590	501	607	821	624	631	665	767	707	867	698	871	718	736	889	753
ENSMUSG00000100202	0	0	0	0	0	0	0	0	0	0	0	0	0	0	0	0
ENSMUSG00000099490	0	0	0	0	0	0	0	1	0	0	0	0	0	0	1	0
ENSMUSG00000059647	1	0	5	1	1	2	2	5	3	7	8	0	2	1	5	2
ENSMUSG00000047528	11	15	9	15	12	8	1	9	10	11	10	14	5	13	2	4
ENSMUSG00000102059	48	49	39	52	55	38	55	67	55	66	68	94	56	64	67	62
ENSMUSG00000101046	0	0	0	0	0	0	0	0	0	0	0	0	0	0	0	0
ENSMUSG00000026031	3263	4023	3766	4757	3611	3767	3376	4701	2697	2603	3020	3114	3205	3508	3185	3666
ENSMUSG00000100236	0	1	0	1	0	0	1	1	2	0	0	0	0	0	0	0
ENSMUSG00000026029	1145	1101	1239	1634	1250	1097	1262	1487	910	959	1147	1233	1120	1106	1280	1231
ENSMUSG00000102719	0	0	0	0	0	0	0	0	0	0	0	0	0	0	0	0
ENSMUSG00000099719	5	1	3	7	4	2	3	5	4	3	8	2	0	3	2	3
ENSMUSG00000026028	3256	3662	3502	4501	3633	3650	3330	4265	3453	3476	3560	4061	3547	3768	3510	4029
ENSMUSG00000026027	221	311	263	388	238	336	326	388	566	538	651	697	485	535	522	605
ENSMUSG00000047383	0	0	0	1	0	0	1	0	0	0	0	0	1	0	0	0
ENSMUSG00000099752	0	0	0	0	0	0	0	0	0	0	2	0	0	0	0	0
ENSMUSG00000072295	0	2	0	2	0	1	3	4	0	0	0	1	0	0	1	0
ENSMUSG00000077616	0	0	0	0	0	0	0	0	0	0	0	0	0	0	0	0
ENSMUSG00000038079	533	412	595	857	527	511	508	536	555	568	579	768	568	546	606	592
ENSMUSG00000097573	3	4	5	2	3	3	3	1	8	4	6	10	2	7	6	2
ENSMUSG00000079550	9	8	3	6	9	9	13	13	3	4	2	0	3	3	6	2
ENSMUSG00000101586	0	0	0	0	0	0	0	0	0	0	0	1	0	0	0	0
ENSMUSG00000099563	0	0	0	0	0	0	0	0	0	0	0	0	0	0	0	0
ENSMUSG00000026024	1337	1552	1425	1738	1263	1274	1206	1489	1188	1180	1282	1367	1035	1068	1086	1282
ENSMUSG00000026023	6	8	15	14	7	3	4	13	106	114	195	197	119	102	131	122
ENSMUSG00000099922	0	0	0	0	0	2	0	0	2	1	0	0	1	0	2	1
ENSMUSG00000104502	0	0	0	0	0	0	0	0	0	0	0	0	0	0	0	0
ENSMUSG00000041075	542	594	537	694	611	593	474	499	691	739	695	786	743	734	655	742
ENSMUSG00000097819	0	0	0	0	0	0	0	3	6	2	5	3	0	1	4	1
ENSMUSG00000047361	4	11	12	13	9	8	5	7	20	15	15	19	13	12	10	8
ENSMUSG00000099811	1	1	0	0	0	1	0	0	1	1	0	2	0	1	0	0
ENSMUSG00000101409	0	0	0	0	0	0	0	0	0	0	0	0	0	0	0	0
ENSMUSG00000026021	2602	2435	2982	4090	2935	3161	3024	3430	2483	3377	2701	3597	3072	2850	3439	2878
ENSMUSG00000089276	0	0	0	0	0	0	0	0	0	0	0	0	0	0	0	0
ENSMUSG00000103821	0	0	0	0	0	0	0	0	0	0	0	0	0	0	0	0
ENSMUSG00000101400	1	4	5	1	2	0	0	2	1	1	4	1	4	5	2	2
ENSMUSG00000026020	3370	3513	3530	4269	3875	3741	3315	3778	2191	2734	2128	2736	2475	2285	2610	2435
ENSMUSG00000077345	0	0	0	0	0	0	0	0	0	0	0	0	0	0	0	0
ENSMUSG00000077358	0	0	0	0	0	0	0	0	0	0	0	0	0	0	0	0
ENSMUSG00000089512	0	0	0	0	0	0	0	0	0	0	0	0	0	0	0	0
ENSMUSG00000089093	0	0	0	0	0	0	0	0	0	0	0	0	0	0	0	0
ENSMUSG00000067336	1976	3169	2271	3510	2393	2945	2439	3702	2898	2582	3003	3719	3059	3628	2998	3717
ENSMUSG00000104052	0	0	0	0	0	0	0	0	0	0	0	0	0	0	0	0
ENSMUSG00000103131	0	0	0	0	0	0	0	0	0	0	0	0	0	0	0	0
ENSMUSG00000041040	399	529	433	617	482	528	492	619	727	682	648	799	596	607	515	634
ENSMUSG00000103696	0	0	0	0	0	0	0	0	0	0	0	0	0	0	0	0
ENSMUSG00000100901	0	0	0	0	0	0	0	0	0	0	0	0	0	0	0	0
ENSMUSG00000026018	7	15	6	9	6	7	6	12	4	5	4	5	3	12	7	6
ENSMUSG00000026019	1181	1185	1236	1507	1231	1088	1264	1316	1024	1164	1050	1180	808	824	968	957
ENSMUSG00000026017	245	307	260	391	287	284	284	342	315	339	395	441	322	325	273	393
ENSMUSG00000082609	0	0	0	0	0	0	0	0	0	0	0	0	0	0	0	0
ENSMUSG00000073664	1188	2031	1399	2041	1451	1869	1686	2667	1581	1516	2016	2331	1640	2029	1871	2126
ENSMUSG00000100516	0	0	0	0	0	0	0	0	0	0	0	0	0	0	0	0
ENSMUSG00000049439	1357	1401	1470	1876	1566	1532	1450	1662	1500	1659	1629	1795	1549	1734	1667	1873
ENSMUSG00000103822	0	0	0	0	0	0	0	0	0	0	0	0	0	0	0	0
ENSMUSG00000026782	716	935	779	1008	920	920	933	1127	889	917	854	1131	1129	1337	1342	1495
ENSMUSG00000026014	1435	2140	1568	2240	1100	1122	1048	1811	2293	2074	2594	2904	1121	1404	1349	1602
ENSMUSG00000081562	0	0	0	0	0	0	0	0	0	0	0	0	0	0	0	0
ENSMUSG00000084400	0	0	0	0	0	0	0	0	0	0	0	0	0	0	0	2
ENSMUSG00000082160	1	0	0	1	0	0	0	2	0	2	1	2	0	2	0	3
ENSMUSG00000103215	0	0	0	0	0	0	0	0	0	1	0	1	0	0	0	0
ENSMUSG00000088973	0	0	0	0	0	0	0	0	0	0	0	0	0	0	0	0
ENSMUSG00000084151	0	0	0	0	0	0	0	0	0	0	0	0	0	0	0	0
ENSMUSG00000101188	203	193	184	255	212	205	217	204	166	158	153	148	175	166	167	153
ENSMUSG00000026012	160	202	128	177	174	112	239	366	20	34	52	49	20	38	41	53
ENSMUSG00000086795	0	0	0	1	0	0	0	0	0	0	0	0	0	0	0	0
ENSMUSG00000085965	9	9	4	3	2	4	5	29	1	0	0	1	0	0	1	1
ENSMUSG00000104069	0	0	0	0	0	0	0	0	0	0	0	0	0	0	0	0
ENSMUSG00000083118	0	0	0	0	0	0	0	0	0	0	0	0	0	0	0	0
ENSMUSG00000083355	4	3	2	7	1	3	0	2	19	9	10	18	3	5	7	8
ENSMUSG00000102549	0	0	0	0	0	0	0	0	0	0	0	0	0	1	0	0
ENSMUSG00000026011	20	13	9	28	15	11	24	50	4	4	6	6	2	2	8	4
ENSMUSG00000081382	0	0	0	0	0	0	0	0	0	0	0	0	0	0	0	0
ENSMUSG00000080800	3	2	4	5	1	2	2	8	1	5	8	3	8	6	3	1
ENSMUSG00000026009	64	60	68	70	57	53	118	132	71	71	46	75	26	19	40	41
ENSMUSG00000102561	0	0	0	0	0	0	0	0	0	0	0	0	0	0	0	0
ENSMUSG00000082804	0	0	0	0	0	0	0	0	0	0	0	0	0	0	0	0
ENSMUSG00000082661	0	0	0	0	0	0	0	0	0	0	0	0	0	0	0	1
ENSMUSG00000080785	0	0	0	0	0	0	0	0	0	0	0	0	0	0	0	0
ENSMUSG00000100893	0	0	0	0	0	0	0	0	0	0	0	0	0	0	0	0
ENSMUSG00000085248	0	0	1	0	0	0	0	1	0	0	0	0	1	0	1	0
ENSMUSG00000085447	0	0	0	0	0	1	0	0	2	0	1	0	3	1	1	1
ENSMUSG00000086408	1	2	1	0	0	0	0	0	5	1	5	4	5	8	6	7
ENSMUSG00000089546	0	0	0	0	0	0	0	0	0	0	0	0	1	4	0	0
ENSMUSG00000100965	0	0	1	0	0	1	0	0	1	2	5	7	3	4	3	3
ENSMUSG00000102168	0	0	0	0	0	0	0	0	0	0	0	0	0	0	1	0
ENSMUSG00000100381	0	0	0	0	0	0	0	0	0	0	0	0	0	0	0	0
ENSMUSG00000086009	0	0	0	0	0	0	0	0	0	0	0	0	0	0	0	0
ENSMUSG00000052062	244	350	309	448	209	242	203	322	299	306	405	501	305	423	369	413
ENSMUSG00000103656	0	0	0	0	0	0	0	0	0	0	0	0	0	0	0	0
ENSMUSG00000104402	0	0	0	0	0	0	0	0	0	0	0	0	0	0	0	0
ENSMUSG00000104081	0	0	0	0	0	0	0	0	0	0	0	0	0	0	0	0
ENSMUSG00000085842	0	0	0	0	0	0	1	0	0	0	0	0	0	0	1	0
ENSMUSG00000103002	0	0	0	0	0	0	0	0	0	0	0	0	0	0	0	0
ENSMUSG00000100344	0	0	0	0	0	0	0	0	0	0	0	0	0	0	0	0
ENSMUSG00000101509	0	0	0	0	0	0	0	0	0	0	0	0	0	0	0	0
ENSMUSG00000085019	0	0	0	0	1	0	0	0	0	0	0	2	0	0	0	0
ENSMUSG00000102359	0	0	0	0	0	0	0	0	0	0	0	0	0	0	0	0
ENSMUSG00000085400	11	16	5	4	11	12	20	24	6	9	10	6	12	15	17	11
ENSMUSG00000100750	0	0	0	1	0	0	0	0	0	0	0	0	0	0	0	0
ENSMUSG00000081950	0	0	0	0	0	0	0	0	0	1	0	0	0	0	0	0
ENSMUSG00000084333	1	0	0	1	0	1	0	0	0	0	0	0	3	0	2	0
ENSMUSG00000025969	9658	12008	9883	12941	5033	5840	4552	6367	7871	8038	8027	8359	4295	4656	4321	4493
ENSMUSG00000100811	1	2	1	1	1	2	4	0	1	5	2	1	0	3	3	1
